   0.000    0.8462E-01    0.2231E+00    0.4501E-01    0.8620E-01    0.2249E+00    0.4761E-01
   0.000    0.8462E-01    0.2231E+00    0.4501E-01    0.8620E-01    0.2249E+00    0.4761E-01
   0.020    0.8811E-01    0.2228E+00    0.4515E-01    0.8938E-01    0.2249E+00    0.4780E-01
   0.040    0.7076E-01    0.2235E+00    0.5315E-01    0.6995E-01    0.2241E+00    0.5818E-01
   0.060    0.4422E-01    0.2230E+00    0.5223E-01    0.4519E-01    0.2223E+00    0.5802E-01
   0.080    0.4148E-01    0.2230E+00    0.5234E-01    0.4106E-01    0.2215E+00    0.5832E-01
   0.100    0.3706E-01    0.2217E+00    0.5211E-01    0.3692E-01    0.2201E+00    0.5828E-01
   0.120    0.3207E-01    0.2204E+00    0.5164E-01    0.3228E-01    0.2185E+00    0.5781E-01
   0.140    0.2660E-01    0.2190E+00    0.5098E-01    0.2738E-01    0.2167E+00    0.5708E-01
   0.160    0.2057E-01    0.2175E+00    0.4990E-01    0.2218E-01    0.2149E+00    0.5575E-01
   0.180    0.1468E-01    0.2163E+00    0.4890E-01    0.1692E-01    0.2131E+00    0.5456E-01
   0.200    0.8034E-02    0.2145E+00    0.4748E-01    0.1137E-01    0.2111E+00    0.5277E-01
   0.220    0.1629E-02    0.2131E+00    0.4624E-01    0.5668E-02    0.2093E+00    0.5129E-01
   0.240   -0.3680E-02    0.2125E+00    0.4539E-01    0.5103E-03    0.2080E+00    0.5037E-01
   0.260   -0.8896E-02    0.2118E+00    0.4446E-01   -0.4567E-02    0.2066E+00    0.4930E-01
   0.280   -0.1440E-01    0.2108E+00    0.4327E-01   -0.9707E-02    0.2050E+00    0.4785E-01
   0.300   -0.1914E-01    0.2104E+00    0.4239E-01   -0.1452E-01    0.2038E+00    0.4688E-01
   0.320   -0.2376E-01    0.2099E+00    0.4145E-01   -0.1917E-01    0.2026E+00    0.4581E-01
   0.340   -0.2808E-01    0.2095E+00    0.4056E-01   -0.2361E-01    0.2014E+00    0.4483E-01
   0.360   -0.3215E-01    0.2092E+00    0.3971E-01   -0.2784E-01    0.2004E+00    0.4388E-01
   0.380   -0.3603E-01    0.2088E+00    0.3883E-01   -0.3189E-01    0.1993E+00    0.4288E-01
   0.400   -0.3955E-01    0.2086E+00    0.3804E-01   -0.3572E-01    0.1983E+00    0.4204E-01
   0.420   -0.4302E-01    0.2081E+00    0.3711E-01   -0.3938E-01    0.1971E+00    0.4099E-01
   0.440   -0.4613E-01    0.2077E+00    0.3630E-01   -0.4283E-01    0.1961E+00    0.4012E-01
   0.460   -0.4909E-01    0.2073E+00    0.3544E-01   -0.4609E-01    0.1950E+00    0.3914E-01
   0.480   -0.5193E-01    0.2067E+00    0.3450E-01   -0.4915E-01    0.1939E+00    0.3800E-01
   0.500   -0.5443E-01    0.2062E+00    0.3369E-01   -0.5201E-01    0.1928E+00    0.3707E-01
   0.520   -0.5669E-01    0.2056E+00    0.3290E-01   -0.5467E-01    0.1918E+00    0.3620E-01
   0.540   -0.5882E-01    0.2049E+00    0.3210E-01   -0.5715E-01    0.1907E+00    0.3528E-01
   0.560   -0.6071E-01    0.2042E+00    0.3134E-01   -0.5944E-01    0.1895E+00    0.3443E-01
   0.580   -0.6258E-01    0.2032E+00    0.3045E-01   -0.6156E-01    0.1882E+00    0.3332E-01
   0.600   -0.6413E-01    0.2023E+00    0.2970E-01   -0.6348E-01    0.1870E+00    0.3245E-01
   0.620   -0.6560E-01    0.2012E+00    0.2889E-01   -0.6525E-01    0.1857E+00    0.3147E-01
   0.640   -0.6683E-01    0.2002E+00    0.2818E-01   -0.6685E-01    0.1844E+00    0.3066E-01
   0.660   -0.6787E-01    0.1991E+00    0.2751E-01   -0.6829E-01    0.1830E+00    0.2991E-01
   0.680   -0.6886E-01    0.1978E+00    0.2681E-01   -0.6959E-01    0.1816E+00    0.2907E-01
   0.700   -0.6965E-01    0.1965E+00    0.2618E-01   -0.7074E-01    0.1802E+00    0.2835E-01
   0.720   -0.7030E-01    0.1951E+00    0.2557E-01   -0.7174E-01    0.1787E+00    0.2767E-01
   0.740   -0.7084E-01    0.1936E+00    0.2497E-01   -0.7263E-01    0.1771E+00    0.2700E-01
   0.760   -0.7128E-01    0.1921E+00    0.2440E-01   -0.7339E-01    0.1756E+00    0.2637E-01
   0.780   -0.7163E-01    0.1905E+00    0.2383E-01   -0.7403E-01    0.1739E+00    0.2572E-01
   0.800   -0.7188E-01    0.1888E+00    0.2330E-01   -0.7456E-01    0.1722E+00    0.2511E-01
   0.820   -0.7203E-01    0.1870E+00    0.2279E-01   -0.7499E-01    0.1705E+00    0.2454E-01
   0.840   -0.7222E-01    0.1850E+00    0.2220E-01   -0.7533E-01    0.1687E+00    0.2378E-01
   0.860   -0.7222E-01    0.1832E+00    0.2171E-01   -0.7555E-01    0.1669E+00    0.2322E-01
   0.880   -0.7214E-01    0.1812E+00    0.2124E-01   -0.7569E-01    0.1650E+00    0.2271E-01
   0.900   -0.7199E-01    0.1792E+00    0.2080E-01   -0.7575E-01    0.1632E+00    0.2223E-01
   0.920   -0.7178E-01    0.1772E+00    0.2037E-01   -0.7573E-01    0.1613E+00    0.2175E-01
   0.940   -0.7152E-01    0.1750E+00    0.1995E-01   -0.7564E-01    0.1593E+00    0.2129E-01
   0.960   -0.7120E-01    0.1729E+00    0.1955E-01   -0.7548E-01    0.1574E+00    0.2084E-01
   0.980   -0.7083E-01    0.1707E+00    0.1915E-01   -0.7525E-01    0.1554E+00    0.2041E-01
   1.000   -0.7041E-01    0.1685E+00    0.1878E-01   -0.7496E-01    0.1533E+00    0.1999E-01
   1.020   -0.6995E-01    0.1662E+00    0.1840E-01   -0.7461E-01    0.1513E+00    0.1958E-01
   1.040   -0.6946E-01    0.1639E+00    0.1804E-01   -0.7421E-01    0.1492E+00    0.1918E-01
   1.060   -0.6893E-01    0.1615E+00    0.1769E-01   -0.7377E-01    0.1472E+00    0.1879E-01
   1.080   -0.6837E-01    0.1592E+00    0.1735E-01   -0.7327E-01    0.1451E+00    0.1841E-01
   1.100   -0.6778E-01    0.1568E+00    0.1701E-01   -0.7272E-01    0.1430E+00    0.1803E-01
   1.120   -0.6715E-01    0.1544E+00    0.1668E-01   -0.7214E-01    0.1408E+00    0.1767E-01
   1.140   -0.6651E-01    0.1520E+00    0.1637E-01   -0.7152E-01    0.1387E+00    0.1731E-01
   1.160   -0.6584E-01    0.1495E+00    0.1606E-01   -0.7087E-01    0.1366E+00    0.1697E-01
   1.180   -0.6515E-01    0.1471E+00    0.1576E-01   -0.7018E-01    0.1344E+00    0.1663E-01
   1.200   -0.6444E-01    0.1446E+00    0.1546E-01   -0.6947E-01    0.1322E+00    0.1629E-01
   1.220   -0.6372E-01    0.1421E+00    0.1518E-01   -0.6873E-01    0.1301E+00    0.1598E-01
   1.240   -0.6298E-01    0.1397E+00    0.1490E-01   -0.6797E-01    0.1279E+00    0.1568E-01
   1.260   -0.6223E-01    0.1372E+00    0.1463E-01   -0.6719E-01    0.1257E+00    0.1538E-01
   1.280   -0.6146E-01    0.1347E+00    0.1437E-01   -0.6639E-01    0.1235E+00    0.1510E-01
   1.300   -0.6069E-01    0.1322E+00    0.1411E-01   -0.6557E-01    0.1214E+00    0.1483E-01
   1.320   -0.5991E-01    0.1297E+00    0.1387E-01   -0.6474E-01    0.1192E+00    0.1457E-01
   1.340   -0.5912E-01    0.1272E+00    0.1363E-01   -0.6389E-01    0.1170E+00    0.1432E-01
   1.360   -0.5832E-01    0.1247E+00    0.1340E-01   -0.6303E-01    0.1148E+00    0.1408E-01
   1.380   -0.5752E-01    0.1222E+00    0.1318E-01   -0.6217E-01    0.1126E+00    0.1384E-01
   1.400   -0.5672E-01    0.1198E+00    0.1296E-01   -0.6129E-01    0.1105E+00    0.1361E-01
   1.420   -0.5590E-01    0.1173E+00    0.1275E-01   -0.6041E-01    0.1083E+00    0.1339E-01
   1.440   -0.5510E-01    0.1148E+00    0.1255E-01   -0.5952E-01    0.1061E+00    0.1318E-01
   1.460   -0.5429E-01    0.1123E+00    0.1236E-01   -0.5864E-01    0.1040E+00    0.1297E-01
   1.480   -0.5348E-01    0.1099E+00    0.1217E-01   -0.5774E-01    0.1018E+00    0.1277E-01
   1.500   -0.5267E-01    0.1074E+00    0.1199E-01   -0.5685E-01    0.9963E-01    0.1258E-01
   1.520   -0.5187E-01    0.1050E+00    0.1181E-01   -0.5595E-01    0.9746E-01    0.1239E-01
   1.540   -0.5107E-01    0.1025E+00    0.1163E-01   -0.5506E-01    0.9530E-01    0.1221E-01
   1.560   -0.5027E-01    0.1001E+00    0.1146E-01   -0.5417E-01    0.9314E-01    0.1203E-01
   1.580   -0.4948E-01    0.9761E-01    0.1130E-01   -0.5329E-01    0.9097E-01    0.1185E-01
   1.600   -0.4869E-01    0.9516E-01    0.1114E-01   -0.5241E-01    0.8877E-01    0.1169E-01
   1.620   -0.4791E-01    0.9271E-01    0.1099E-01   -0.5153E-01    0.8655E-01    0.1152E-01
   1.640   -0.4714E-01    0.9027E-01    0.1083E-01   -0.5067E-01    0.8433E-01    0.1136E-01
   1.660   -0.4638E-01    0.8784E-01    0.1069E-01   -0.4982E-01    0.8211E-01    0.1121E-01
   1.680   -0.4563E-01    0.8543E-01    0.1054E-01   -0.4898E-01    0.7992E-01    0.1105E-01
   1.700   -0.4489E-01    0.8306E-01    0.1040E-01   -0.4814E-01    0.7776E-01    0.1090E-01
   1.720   -0.4415E-01    0.8074E-01    0.1026E-01   -0.4732E-01    0.7566E-01    0.1075E-01
   1.740   -0.4343E-01    0.7847E-01    0.1013E-01   -0.4650E-01    0.7359E-01    0.1061E-01
   1.760   -0.4271E-01    0.7625E-01    0.9993E-02   -0.4570E-01    0.7157E-01    0.1047E-01
   1.780   -0.4201E-01    0.7408E-01    0.9864E-02   -0.4491E-01    0.6960E-01    0.1033E-01
   1.800   -0.4131E-01    0.7196E-01    0.9737E-02   -0.4413E-01    0.6766E-01    0.1020E-01
   1.820   -0.4063E-01    0.6988E-01    0.9612E-02   -0.4336E-01    0.6577E-01    0.1006E-01
   1.840   -0.3995E-01    0.6786E-01    0.9490E-02   -0.4260E-01    0.6392E-01    0.9934E-02
   1.860   -0.3928E-01    0.6588E-01    0.9370E-02   -0.4185E-01    0.6212E-01    0.9806E-02
   1.880   -0.3863E-01    0.6396E-01    0.9252E-02   -0.4112E-01    0.6036E-01    0.9681E-02
   1.900   -0.3798E-01    0.6208E-01    0.9137E-02   -0.4040E-01    0.5865E-01    0.9558E-02
   1.920   -0.3734E-01    0.6025E-01    0.9023E-02   -0.3968E-01    0.5697E-01    0.9437E-02
   1.940   -0.3672E-01    0.5847E-01    0.8912E-02   -0.3898E-01    0.5534E-01    0.9318E-02
   1.960   -0.3610E-01    0.5673E-01    0.8802E-02   -0.3830E-01    0.5375E-01    0.9200E-02
   1.980   -0.3549E-01    0.5504E-01    0.8694E-02   -0.3761E-01    0.5220E-01    0.9085E-02
   2.000   -0.3489E-01    0.5340E-01    0.8587E-02   -0.3695E-01    0.5069E-01    0.8971E-02
   2.020   -0.3430E-01    0.5180E-01    0.8482E-02   -0.3629E-01    0.4922E-01    0.8858E-02
   2.040   -0.3372E-01    0.5024E-01    0.8379E-02   -0.3564E-01    0.4779E-01    0.8748E-02
   2.060   -0.3314E-01    0.4873E-01    0.8277E-02   -0.3501E-01    0.4639E-01    0.8639E-02
   2.080   -0.3258E-01    0.4726E-01    0.8177E-02   -0.3439E-01    0.4504E-01    0.8531E-02
   2.100   -0.3203E-01    0.4584E-01    0.8078E-02   -0.3377E-01    0.4372E-01    0.8424E-02
   2.120   -0.3148E-01    0.4445E-01    0.7980E-02   -0.3317E-01    0.4245E-01    0.8319E-02
   2.140   -0.3094E-01    0.4311E-01    0.7883E-02   -0.3257E-01    0.4120E-01    0.8216E-02
   2.160   -0.3041E-01    0.4180E-01    0.7787E-02   -0.3199E-01    0.3999E-01    0.8113E-02
   2.180   -0.2989E-01    0.4054E-01    0.7693E-02   -0.3141E-01    0.3882E-01    0.8012E-02
   2.200   -0.2938E-01    0.3931E-01    0.7599E-02   -0.3085E-01    0.3768E-01    0.7911E-02
   2.220   -0.2887E-01    0.3811E-01    0.7506E-02   -0.3029E-01    0.3658E-01    0.7811E-02
   2.240   -0.2837E-01    0.3696E-01    0.7414E-02   -0.2975E-01    0.3550E-01    0.7713E-02
   2.260   -0.2788E-01    0.3583E-01    0.7322E-02   -0.2921E-01    0.3446E-01    0.7614E-02
