#centrality dS/dy Npart_min Npart_max b_min(fm) b_max(fm)
0.0000e+00      1.00000000e+06      5.00000000e+02      5.00000000e+02      0.00000000e+00      0.00000000e+00 
1.0000e-01      1.20922680e+01      5.00000000e+00      2.60000000e+01      7.70450570e-02      5.58567080e+00 
2.0000e-01      1.12768260e+01      4.00000000e+00      2.20000000e+01      4.62676920e-02      6.16311510e+00 
3.0000e-01      1.07653130e+01      6.00000000e+00      2.20000000e+01      6.17950170e-02      6.40097080e+00 
4.0000e-01      1.04024520e+01      2.00000000e+00      2.10000000e+01      3.37174100e-02      7.46937700e+00 
5.0000e-01      1.01291690e+01      4.00000000e+00      2.20000000e+01      9.90804440e-02      6.11371930e+00 
6.0000e-01      9.88977040e+00      5.00000000e+00      2.10000000e+01      3.68918200e-02      6.68287810e+00 
7.0000e-01      9.68460270e+00      4.00000000e+00      2.00000000e+01      1.62267430e-01      6.66634250e+00 
8.0000e-01      9.50735240e+00      3.00000000e+00      2.00000000e+01      2.37459640e-01      5.80067400e+00 
9.0000e-01      9.35510060e+00      3.00000000e+00      1.90000000e+01      4.49949810e-02      6.66372080e+00 
1.0000e+00      9.22360470e+00      5.00000000e+00      2.20000000e+01      8.32958380e-02      6.86894720e+00 
2.0000e+00      8.25870600e+00      2.00000000e+00      2.30000000e+01      2.64472960e-02      8.23071950e+00 
3.0000e+00      7.66758060e+00      2.00000000e+00      2.20000000e+01      4.14893880e-02      8.94200900e+00 
4.0000e+00      7.24201230e+00      2.00000000e+00      2.00000000e+01      4.53465030e-02      8.16945250e+00 
5.0000e+00      6.90053140e+00      2.00000000e+00      2.10000000e+01      4.43707710e-02      8.76822560e+00 
6.0000e+00      6.61169890e+00      2.00000000e+00      2.00000000e+01      5.32912880e-02      9.95623650e+00 
7.0000e+00      6.36236270e+00      2.00000000e+00      2.00000000e+01      3.09480440e-02      9.30275540e+00 
8.0000e+00      6.13919420e+00      2.00000000e+00      2.20000000e+01      7.67601870e-03      8.36275990e+00 
9.0000e+00      5.93852190e+00      2.00000000e+00      1.90000000e+01      2.70661770e-02      9.86752010e+00 
1.0000e+01      5.75521170e+00      2.00000000e+00      2.00000000e+01      8.00550560e-02      8.86280710e+00 
1.1000e+01      5.58769100e+00      2.00000000e+00      2.00000000e+01      3.65231400e-02      8.41307420e+00 
1.2000e+01      5.43266520e+00      2.00000000e+00      1.90000000e+01      4.69132610e-02      9.59967370e+00 
1.3000e+01      5.28885810e+00      2.00000000e+00      2.00000000e+01      4.96959050e-02      9.39722430e+00 
1.4000e+01      5.15045920e+00      2.00000000e+00      1.90000000e+01      5.34068490e-03      9.66294740e+00 
1.5000e+01      5.02179850e+00      2.00000000e+00      1.90000000e+01      3.75891730e-02      1.04623840e+01 
1.6000e+01      4.90284850e+00      2.00000000e+00      1.80000000e+01      9.09650050e-02      1.06435410e+01 
1.7000e+01      4.78854920e+00      2.00000000e+00      1.90000000e+01      2.89291200e-02      9.50546710e+00 
1.8000e+01      4.67498460e+00      2.00000000e+00      1.80000000e+01      6.97322320e-02      9.34408760e+00 
1.9000e+01      4.56859600e+00      2.00000000e+00      1.80000000e+01      6.91451930e-02      1.01738420e+01 
2.0000e+01      4.46579900e+00      2.00000000e+00      1.70000000e+01      3.92436360e-02      9.81369410e+00 
2.1000e+01      4.36462290e+00      2.00000000e+00      1.90000000e+01      2.05910580e-02      1.07837310e+01 
2.2000e+01      4.26905980e+00      2.00000000e+00      1.90000000e+01      3.67058720e-02      1.05035310e+01 
2.3000e+01      4.17807660e+00      2.00000000e+00      1.80000000e+01      4.41480290e-02      9.69705950e+00 
2.4000e+01      4.08981270e+00      2.00000000e+00      1.80000000e+01      3.99467170e-02      1.00809620e+01 
2.5000e+01      4.00372300e+00      2.00000000e+00      1.70000000e+01      6.27699570e-02      1.11737060e+01 
2.6000e+01      3.91966850e+00      2.00000000e+00      1.70000000e+01      3.44135110e-02      1.05971270e+01 
2.7000e+01      3.83902860e+00      2.00000000e+00      1.70000000e+01      2.71591810e-02      1.06183630e+01 
2.8000e+01      3.76017430e+00      2.00000000e+00      1.70000000e+01      5.10550540e-02      1.03539980e+01 
2.9000e+01      3.68201690e+00      2.00000000e+00      1.70000000e+01      2.16670460e-02      1.03962180e+01 
3.0000e+01      3.60573790e+00      2.00000000e+00      1.60000000e+01      8.05076750e-02      1.16982250e+01 
3.1000e+01      3.53123610e+00      2.00000000e+00      1.70000000e+01      1.12172090e-01      1.20479020e+01 
3.2000e+01      3.45918310e+00      2.00000000e+00      1.60000000e+01      2.71706170e-02      1.10175960e+01 
3.3000e+01      3.38828250e+00      2.00000000e+00      1.60000000e+01      2.10686890e-02      1.05904870e+01 
3.4000e+01      3.32004910e+00      2.00000000e+00      1.70000000e+01      1.78297210e-02      1.04203600e+01 
3.5000e+01      3.25245620e+00      2.00000000e+00      1.60000000e+01      5.67793090e-02      1.02547480e+01 
3.6000e+01      3.18507160e+00      2.00000000e+00      1.60000000e+01      8.92420370e-03      1.03214700e+01 
3.7000e+01      3.11886830e+00      2.00000000e+00      1.70000000e+01      2.31027000e-02      1.11165850e+01 
3.8000e+01      3.05392380e+00      2.00000000e+00      1.50000000e+01      1.18247980e-01      1.11414070e+01 
3.9000e+01      2.99128170e+00      2.00000000e+00      1.60000000e+01      1.82590750e-02      1.07239950e+01 
4.0000e+01      2.92826460e+00      2.00000000e+00      1.60000000e+01      4.81605990e-02      1.16796030e+01 
4.1000e+01      2.86802630e+00      2.00000000e+00      1.60000000e+01      1.45464100e-02      1.01785950e+01 
4.2000e+01      2.80763980e+00      2.00000000e+00      1.60000000e+01      1.18361710e-01      1.21256370e+01 
4.3000e+01      2.74882630e+00      2.00000000e+00      1.50000000e+01      7.82375810e-02      1.15107060e+01 
4.4000e+01      2.68995890e+00      2.00000000e+00      1.50000000e+01      9.21775670e-02      1.07402040e+01 
4.5000e+01      2.63179000e+00      2.00000000e+00      1.50000000e+01      5.91414660e-02      1.11083800e+01 
4.6000e+01      2.57488810e+00      2.00000000e+00      1.40000000e+01      5.15848180e-02      1.15479280e+01 
4.7000e+01      2.51916490e+00      2.00000000e+00      1.50000000e+01      4.67220930e-02      1.04526290e+01 
4.8000e+01      2.46395460e+00      2.00000000e+00      1.40000000e+01      1.60991770e-01      1.12025120e+01 
4.9000e+01      2.40901280e+00      2.00000000e+00      1.50000000e+01      1.06009480e-01      1.12017100e+01 
5.0000e+01      2.35573930e+00      2.00000000e+00      1.60000000e+01      1.36046240e-01      1.12364580e+01 
5.1000e+01      2.30254930e+00      2.00000000e+00      1.50000000e+01      7.46720460e-02      1.13251450e+01 
5.2000e+01      2.25002330e+00      2.00000000e+00      1.50000000e+01      8.91128840e-02      1.10837360e+01 
5.3000e+01      2.19802100e+00      2.00000000e+00      1.40000000e+01      1.94795490e-01      1.10338900e+01 
5.4000e+01      2.14741650e+00      2.00000000e+00      1.40000000e+01      1.16567990e-01      1.12799500e+01 
5.5000e+01      2.09616990e+00      2.00000000e+00      1.30000000e+01      5.53040730e-02      1.08475370e+01 
5.6000e+01      2.04693180e+00      2.00000000e+00      1.40000000e+01      9.94927010e-02      1.15945420e+01 
5.7000e+01      1.99802730e+00      2.00000000e+00      1.30000000e+01      1.61359490e-01      1.12527110e+01 
5.8000e+01      1.94959450e+00      2.00000000e+00      1.40000000e+01      1.13192970e-01      1.16081400e+01 
5.9000e+01      1.90074230e+00      2.00000000e+00      1.70000000e+01      1.63199280e-01      1.17214360e+01 
6.0000e+01      1.85344560e+00      2.00000000e+00      1.20000000e+01      6.95836660e-02      1.11283850e+01 
6.1000e+01      1.80675960e+00      2.00000000e+00      1.30000000e+01      1.05313270e-01      1.12380850e+01 
6.2000e+01      1.76072840e+00      2.00000000e+00      1.20000000e+01      2.84674110e-01      1.16258410e+01 
6.3000e+01      1.71505630e+00      2.00000000e+00      1.40000000e+01      1.04471220e-01      1.15141520e+01 
6.4000e+01      1.66982330e+00      2.00000000e+00      1.30000000e+01      1.54810610e-01      1.17574300e+01 
6.5000e+01      1.62504070e+00      2.00000000e+00      1.20000000e+01      1.41497780e-01      1.07597670e+01 
6.6000e+01      1.58077360e+00      2.00000000e+00      1.20000000e+01      2.88204110e-01      1.12709480e+01 
6.7000e+01      1.53651420e+00      2.00000000e+00      1.20000000e+01      4.06243920e-02      1.13288400e+01 
6.8000e+01      1.49249430e+00      2.00000000e+00      1.10000000e+01      6.27461790e-02      1.12861790e+01 
6.9000e+01      1.44893830e+00      2.00000000e+00      1.30000000e+01      9.79988930e-02      1.19896740e+01 
7.0000e+01      1.40522050e+00      2.00000000e+00      1.20000000e+01      4.26722050e-02      1.14861310e+01 
7.1000e+01      1.36215040e+00      2.00000000e+00      1.10000000e+01      3.66369170e-02      1.19175150e+01 
7.2000e+01      1.31902350e+00      2.00000000e+00      1.20000000e+01      1.75281990e-01      1.21404270e+01 
7.3000e+01      1.27660050e+00      2.00000000e+00      1.10000000e+01      6.12611610e-02      1.15546830e+01 
7.4000e+01      1.23449270e+00      2.00000000e+00      1.10000000e+01      6.01876890e-02      1.20076090e+01 
7.5000e+01      1.19269900e+00      2.00000000e+00      1.10000000e+01      1.70845750e-01      1.16145380e+01 
7.6000e+01      1.15117310e+00      2.00000000e+00      1.20000000e+01      1.73941970e-01      1.14032230e+01 
7.7000e+01      1.10900880e+00      2.00000000e+00      1.10000000e+01      9.10952410e-02      1.22258010e+01 
7.8000e+01      1.06781180e+00      2.00000000e+00      1.10000000e+01      2.47062220e-02      1.15766480e+01 
7.9000e+01      1.02655130e+00      2.00000000e+00      1.10000000e+01      1.81051430e-01      1.17911560e+01 
8.0000e+01      9.85523570e-01      2.00000000e+00      1.00000000e+01      1.78833700e-01      1.13611280e+01 
8.1000e+01      9.45304070e-01      2.00000000e+00      1.00000000e+01      2.55894900e-01      1.13402930e+01 
8.2000e+01      9.04712980e-01      2.00000000e+00      1.10000000e+01      9.36791780e-02      1.15806410e+01 
8.3000e+01      8.63006420e-01      2.00000000e+00      9.00000000e+00      2.00380130e-01      1.14334260e+01 
8.4000e+01      8.22149720e-01      2.00000000e+00      9.00000000e+00      9.61944920e-02      1.23454320e+01 
8.5000e+01      7.81357330e-01      2.00000000e+00      1.00000000e+01      1.55381340e-01      1.15298740e+01 
8.6000e+01      7.40819400e-01      2.00000000e+00      1.00000000e+01      3.09241610e-01      1.21403800e+01 
8.7000e+01      6.99125720e-01      2.00000000e+00      9.00000000e+00      2.30301340e-01      1.23221150e+01 
8.8000e+01      6.57750680e-01      2.00000000e+00      9.00000000e+00      1.22680640e-01      1.15054410e+01 
8.9000e+01      6.16148480e-01      2.00000000e+00      9.00000000e+00      3.02477020e-01      1.13031260e+01 
9.0000e+01      5.75207790e-01      2.00000000e+00      8.00000000e+00      9.76602490e-02      1.17950790e+01 
9.1000e+01      5.32316150e-01      2.00000000e+00      8.00000000e+00      2.96307880e-01      1.19063860e+01 
9.2000e+01      4.89653820e-01      2.00000000e+00      8.00000000e+00      3.45285150e-01      1.18181770e+01 
9.3000e+01      4.45741140e-01      2.00000000e+00      8.00000000e+00      2.55467040e-02      1.17431870e+01 
9.4000e+01      3.99612200e-01      2.00000000e+00      1.00000000e+01      2.36160860e-01      1.21220010e+01 
9.5000e+01      3.52532170e-01      2.00000000e+00      7.00000000e+00      1.76330120e-01      1.17732930e+01 
9.6000e+01      3.03770140e-01      2.00000000e+00      7.00000000e+00      5.12454560e-01      1.14954980e+01 
9.7000e+01      2.50612550e-01      2.00000000e+00      8.00000000e+00      4.83112190e-01      1.20916850e+01 
9.8000e+01      1.92077590e-01      2.00000000e+00      7.00000000e+00      4.83273450e-01      1.27739330e+01 
9.9000e+01      1.23081040e-01      2.00000000e+00      5.00000000e+00      4.03137490e-01      1.24624590e+01 
1.0000e+02      1.22956300e-04      2.00000000e+00      5.00000000e+00      5.93777480e-01      1.20819150e+01 
