#centrality dS/dy Npart_min Npart_max b_min(fm) b_max(fm)
0.0000e+00      1.00000000e+06      5.00000000e+02      5.00000000e+02      0.00000000e+00      0.00000000e+00 
1.0000e-01      7.72924590e+01      9.20000000e+01      1.57000000e+02      5.26675330e-02      3.74285070e+00 
2.0000e-01      7.43645040e+01      9.00000000e+01      1.53000000e+02      4.83097690e-02      4.01877270e+00 
3.0000e-01      7.25515590e+01      8.90000000e+01      1.55000000e+02      1.31148570e-01      4.14928900e+00 
4.0000e-01      7.12305190e+01      8.90000000e+01      1.50000000e+02      8.19064770e-02      4.73712600e+00 
5.0000e-01      7.01884620e+01      8.90000000e+01      1.48000000e+02      5.38485400e-02      4.72623030e+00 
6.0000e-01      6.92521310e+01      8.00000000e+01      1.49000000e+02      9.18756880e-02      4.93181400e+00 
7.0000e-01      6.84387610e+01      7.80000000e+01      1.47000000e+02      3.39679190e-02      4.99662530e+00 
8.0000e-01      6.76979090e+01      8.20000000e+01      1.53000000e+02      5.52852230e-02      4.70912200e+00 
9.0000e-01      6.70738940e+01      8.50000000e+01      1.48000000e+02      1.85728880e-02      4.80270100e+00 
1.0000e+00      6.64686960e+01      8.20000000e+01      1.49000000e+02      4.74868750e-02      4.84080410e+00 
2.0000e+00      6.22790100e+01      7.40000000e+01      1.53000000e+02      1.56680650e-02      5.26665010e+00 
3.0000e+00      5.94239670e+01      6.90000000e+01      1.47000000e+02      2.56363570e-02      5.64323000e+00 
4.0000e+00      5.71766630e+01      6.80000000e+01      1.50000000e+02      2.65464520e-02      5.91654000e+00 
5.0000e+00      5.52715010e+01      6.60000000e+01      1.41000000e+02      5.46237460e-02      5.88547280e+00 
6.0000e+00      5.35419750e+01      4.90000000e+01      1.43000000e+02      4.09675530e-02      7.00006140e+00 
7.0000e+00      5.19688270e+01      5.90000000e+01      1.38000000e+02      2.91503380e-02      6.38767240e+00 
8.0000e+00      5.05022400e+01      5.70000000e+01      1.43000000e+02      4.30583050e-02      6.22132000e+00 
9.0000e+00      4.91419410e+01      5.20000000e+01      1.39000000e+02      8.55901550e-02      6.28780480e+00 
1.0000e+01      4.78108770e+01      5.20000000e+01      1.40000000e+02      7.36860630e-02      6.86626900e+00 
1.1000e+01      4.65407260e+01      5.20000000e+01      1.33000000e+02      2.36002490e-02      6.44537370e+00 
1.2000e+01      4.53131870e+01      5.00000000e+01      1.34000000e+02      1.19661940e-01      7.00562730e+00 
1.3000e+01      4.41183350e+01      4.00000000e+01      1.29000000e+02      8.99248190e-02      6.99772720e+00 
1.4000e+01      4.29154190e+01      4.30000000e+01      1.35000000e+02      6.43237800e-02      6.87020110e+00 
1.5000e+01      4.17378550e+01      4.60000000e+01      1.27000000e+02      6.69847520e-02      7.50178090e+00 
1.6000e+01      4.06105960e+01      4.20000000e+01      1.28000000e+02      1.34463400e-01      7.06360350e+00 
1.7000e+01      3.94988000e+01      3.90000000e+01      1.29000000e+02      1.27274970e-01      7.22878150e+00 
1.8000e+01      3.84072390e+01      3.70000000e+01      1.25000000e+02      3.15978430e-01      7.38750130e+00 
1.9000e+01      3.73256790e+01      3.50000000e+01      1.25000000e+02      2.62622740e-01      7.45705870e+00 
2.0000e+01      3.62720210e+01      3.20000000e+01      1.14000000e+02      2.52455250e-01      7.74935900e+00 
2.1000e+01      3.52160390e+01      3.70000000e+01      1.15000000e+02      9.66025900e-01      7.65186620e+00 
2.2000e+01      3.41961760e+01      2.80000000e+01      1.10000000e+02      9.40098120e-01      7.92518590e+00 
2.3000e+01      3.31903000e+01      3.20000000e+01      1.10000000e+02      1.31210530e+00      7.80848280e+00 
2.4000e+01      3.22039960e+01      2.70000000e+01      1.06000000e+02      7.75184900e-01      8.54615760e+00 
2.5000e+01      3.12370230e+01      2.80000000e+01      1.11000000e+02      1.41845570e+00      8.12603500e+00 
2.6000e+01      3.02770560e+01      2.00000000e+01      1.00000000e+02      1.82586690e+00      8.69798840e+00 
2.7000e+01      2.93457030e+01      2.40000000e+01      1.02000000e+02      2.56483800e+00      8.56955440e+00 
2.8000e+01      2.84324010e+01      2.40000000e+01      1.03000000e+02      2.74109600e+00      8.54783190e+00 
2.9000e+01      2.75383540e+01      2.50000000e+01      9.50000000e+01      2.98023280e+00      8.78525430e+00 
3.0000e+01      2.66603480e+01      1.90000000e+01      9.60000000e+01      2.81804630e+00      9.42616550e+00 
3.1000e+01      2.57920020e+01      2.00000000e+01      1.02000000e+02      2.57181150e+00      8.98201070e+00 
3.2000e+01      2.49302910e+01      1.90000000e+01      9.50000000e+01      3.06501950e+00      8.86687560e+00 
3.3000e+01      2.41045320e+01      1.80000000e+01      9.10000000e+01      3.32324630e+00      9.27977440e+00 
3.4000e+01      2.32875710e+01      1.80000000e+01      8.70000000e+01      3.69965580e+00      9.40332140e+00 
3.5000e+01      2.24966140e+01      1.50000000e+01      8.60000000e+01      3.94265420e+00      9.19420230e+00 
3.6000e+01      2.17105960e+01      1.40000000e+01      8.20000000e+01      3.73629370e+00      9.27436450e+00 
3.7000e+01      2.09622800e+01      1.40000000e+01      8.20000000e+01      4.21810340e+00      9.51505300e+00 
3.8000e+01      2.02236880e+01      1.40000000e+01      7.80000000e+01      4.45399140e+00      9.86553730e+00 
3.9000e+01      1.95000500e+01      1.40000000e+01      7.70000000e+01      4.32562580e+00      9.50480870e+00 
4.0000e+01      1.87952600e+01      9.00000000e+00      7.10000000e+01      4.39582760e+00      9.77261930e+00 
4.1000e+01      1.80981440e+01      1.10000000e+01      7.40000000e+01      3.74893430e+00      9.86272640e+00 
4.2000e+01      1.74259810e+01      8.00000000e+00      6.70000000e+01      4.58625860e+00      1.01101240e+01 
4.3000e+01      1.67759800e+01      7.00000000e+00      6.80000000e+01      4.64039430e+00      1.04449700e+01 
4.4000e+01      1.61245650e+01      8.00000000e+00      6.80000000e+01      5.15865200e+00      1.08138300e+01 
4.5000e+01      1.54969350e+01      8.00000000e+00      6.50000000e+01      4.61790680e+00      1.02419460e+01 
4.6000e+01      1.48910280e+01      5.00000000e+00      6.30000000e+01      5.27612310e+00      1.12475440e+01 
4.7000e+01      1.43100280e+01      7.00000000e+00      6.50000000e+01      5.12501670e+00      1.08695970e+01 
4.8000e+01      1.37356740e+01      4.00000000e+00      6.50000000e+01      5.19834770e+00      1.05052800e+01 
4.9000e+01      1.31706330e+01      4.00000000e+00      6.30000000e+01      5.63016180e+00      1.15603570e+01 
5.0000e+01      1.26291010e+01      4.00000000e+00      6.00000000e+01      5.07601920e+00      1.05198260e+01 
5.1000e+01      1.21020240e+01      3.00000000e+00      5.10000000e+01      5.62631980e+00      1.11466880e+01 
5.2000e+01      1.15886790e+01      3.00000000e+00      5.30000000e+01      5.89210260e+00      1.20520610e+01 
5.3000e+01      1.10895900e+01      6.00000000e+00      5.10000000e+01      5.67388830e+00      1.17618530e+01 
5.4000e+01      1.06133330e+01      2.00000000e+00      4.90000000e+01      5.73214760e+00      1.13878330e+01 
5.5000e+01      1.01400250e+01      3.00000000e+00      4.90000000e+01      5.55947660e+00      1.22275780e+01 
5.6000e+01      9.68486480e+00      2.00000000e+00      5.40000000e+01      6.19148460e+00      1.35078700e+01 
5.7000e+01      9.25081140e+00      2.00000000e+00      5.00000000e+01      5.78477640e+00      1.20327190e+01 
5.8000e+01      8.82507310e+00      2.00000000e+00      4.10000000e+01      6.26823700e+00      1.30766300e+01 
5.9000e+01      8.41101510e+00      2.00000000e+00      4.30000000e+01      6.33899420e+00      1.21975970e+01 
6.0000e+01      8.01362310e+00      2.00000000e+00      4.30000000e+01      6.24212360e+00      1.29015870e+01 
6.1000e+01      7.62942100e+00      2.00000000e+00      4.40000000e+01      5.94051590e+00      1.40890930e+01 
6.2000e+01      7.26005720e+00      2.00000000e+00      3.60000000e+01      6.42626270e+00      1.28600730e+01 
6.3000e+01      6.90691740e+00      2.00000000e+00      3.70000000e+01      6.51436260e+00      1.34119120e+01 
6.4000e+01      6.55466210e+00      2.00000000e+00      3.60000000e+01      6.41936250e+00      1.29864300e+01 
6.5000e+01      6.22174620e+00      2.00000000e+00      3.50000000e+01      6.45240680e+00      1.43383780e+01 
6.6000e+01      5.90104800e+00      2.00000000e+00      3.70000000e+01      6.78119420e+00      1.34699500e+01 
6.7000e+01      5.59170700e+00      2.00000000e+00      3.30000000e+01      6.61315100e+00      1.37799990e+01 
6.8000e+01      5.29900270e+00      2.00000000e+00      3.20000000e+01      6.98510550e+00      1.39879030e+01 
6.9000e+01      5.01511760e+00      2.00000000e+00      3.10000000e+01      6.52339300e+00      1.39934600e+01 
7.0000e+01      4.74309090e+00      2.00000000e+00      2.90000000e+01      7.13682330e+00      1.39941040e+01 
7.1000e+01      4.48024360e+00      2.00000000e+00      2.80000000e+01      6.96725690e+00      1.47426080e+01 
7.2000e+01      4.22427480e+00      2.00000000e+00      3.20000000e+01      6.76443370e+00      1.48588300e+01 
7.3000e+01      3.98131780e+00      2.00000000e+00      2.60000000e+01      7.19771490e+00      1.39305450e+01 
7.4000e+01      3.75130380e+00      2.00000000e+00      2.70000000e+01      7.07574620e+00      1.49679370e+01 
7.5000e+01      3.53189100e+00      2.00000000e+00      2.50000000e+01      7.24519100e+00      1.42850520e+01 
7.6000e+01      3.31766850e+00      2.00000000e+00      2.40000000e+01      7.04508910e+00      1.47740340e+01 
7.7000e+01      3.11345460e+00      2.00000000e+00      2.10000000e+01      7.25417900e+00      1.42944920e+01 
7.8000e+01      2.91879610e+00      2.00000000e+00      2.30000000e+01      7.31961540e+00      1.48854310e+01 
7.9000e+01      2.73171270e+00      2.00000000e+00      2.40000000e+01      7.58746030e+00      1.47925340e+01 
8.0000e+01      2.55164490e+00      2.00000000e+00      2.30000000e+01      7.53686690e+00      1.47427370e+01 
8.1000e+01      2.37724680e+00      2.00000000e+00      2.10000000e+01      7.27061760e+00      1.48083300e+01 
8.2000e+01      2.21533840e+00      2.00000000e+00      2.20000000e+01      7.78937640e+00      1.47603980e+01 
8.3000e+01      2.05645980e+00      2.00000000e+00      1.90000000e+01      7.58853330e+00      1.49519120e+01 
8.4000e+01      1.90390800e+00      2.00000000e+00      1.70000000e+01      7.70366440e+00      1.47997350e+01 
8.5000e+01      1.75728310e+00      2.00000000e+00      1.90000000e+01      7.40038730e+00      1.48679300e+01 
8.6000e+01      1.61628690e+00      2.00000000e+00      1.60000000e+01      7.65113030e+00      1.49811930e+01 
8.7000e+01      1.48149780e+00      2.00000000e+00      1.60000000e+01      7.81819300e+00      1.49318050e+01 
8.8000e+01      1.35188040e+00      2.00000000e+00      1.50000000e+01      7.84921500e+00      1.49326850e+01 
8.9000e+01      1.22581970e+00      2.00000000e+00      1.40000000e+01      7.74429480e+00      1.49886630e+01 
9.0000e+01      1.10049640e+00      2.00000000e+00      1.90000000e+01      7.84870730e+00      1.49657010e+01 
9.1000e+01      9.80845410e-01      2.00000000e+00      1.20000000e+01      7.88628720e+00      1.49666150e+01 
9.2000e+01      8.67015520e-01      2.00000000e+00      1.50000000e+01      7.74868310e+00      1.47915330e+01 
9.3000e+01      7.54437070e-01      2.00000000e+00      1.30000000e+01      7.99088160e+00      1.48489810e+01 
9.4000e+01      6.43662090e-01      2.00000000e+00      1.10000000e+01      7.97272080e+00      1.49802660e+01 
9.5000e+01      5.36055640e-01      2.00000000e+00      1.00000000e+01      7.79979010e+00      1.48610660e+01 
9.6000e+01      4.31950340e-01      2.00000000e+00      1.00000000e+01      8.24682110e+00      1.49550200e+01 
9.7000e+01      3.28030710e-01      2.00000000e+00      1.20000000e+01      7.70784020e+00      1.49226840e+01 
9.8000e+01      2.24694600e-01      2.00000000e+00      9.00000000e+00      8.31218780e+00      1.48820280e+01 
9.9000e+01      1.19146790e-01      2.00000000e+00      7.00000000e+00      8.23656760e+00      1.49189110e+01 
1.0000e+02      1.05742440e-04      2.00000000e+00      7.00000000e+00      8.40282200e+00      1.48745480e+01 
