#centrality dS/dy Npart_min Npart_max b_min(fm) b_max(fm)
0.0000e+00      1.00000000e+06      5.00000000e+02      5.00000000e+02      0.00000000e+00      0.00000000e+00 
1.0000e-01      3.54372180e+02      3.44000000e+02      3.92000000e+02      4.96940890e-02      2.72733360e+00 
2.0000e-01      3.46984070e+02      3.32000000e+02      3.90000000e+02      7.37245630e-02      2.95373720e+00 
3.0000e-01      3.42320320e+02      3.30000000e+02      3.91000000e+02      5.29614460e-03      3.36292530e+00 
4.0000e-01      3.38625380e+02      3.29000000e+02      3.92000000e+02      4.30823510e-02      3.20103980e+00 
5.0000e-01      3.35428260e+02      3.21000000e+02      3.90000000e+02      7.34665340e-02      3.25196180e+00 
6.0000e-01      3.32863940e+02      3.17000000e+02      3.89000000e+02      2.58255560e-02      3.50825060e+00 
7.0000e-01      3.30599910e+02      3.16000000e+02      3.90000000e+02      1.24876000e-01      3.39163830e+00 
8.0000e-01      3.28377900e+02      3.16000000e+02      3.90000000e+02      5.67667090e-02      3.48014370e+00 
9.0000e-01      3.26250580e+02      3.24000000e+02      3.89000000e+02      3.29457220e-02      3.38252500e+00 
1.0000e+00      3.24214000e+02      3.15000000e+02      3.89000000e+02      1.10983440e-01      3.61427710e+00 
2.0000e+00      3.08688680e+02      2.96000000e+02      3.91000000e+02      2.56176090e-02      4.16814240e+00 
3.0000e+00      2.95982450e+02      2.82000000e+02      3.89000000e+02      4.69767550e-02      4.49229380e+00 
4.0000e+00      2.84369320e+02      2.73000000e+02      3.87000000e+02      1.79902670e-02      4.58630760e+00 
5.0000e+00      2.73452410e+02      2.67000000e+02      3.90000000e+02      2.26411090e-01      4.81329620e+00 
6.0000e+00      2.62891580e+02      2.51000000e+02      3.78000000e+02      9.91836420e-01      5.14108110e+00 
7.0000e+00      2.52995520e+02      2.47000000e+02      3.82000000e+02      1.37803460e+00      5.47711820e+00 
8.0000e+00      2.43336660e+02      2.34000000e+02      3.63000000e+02      2.12572520e+00      5.58289600e+00 
9.0000e+00      2.34066010e+02      2.26000000e+02      3.71000000e+02      1.58109520e+00      5.89056580e+00 
1.0000e+01      2.25260040e+02      2.18000000e+02      3.49000000e+02      2.56344440e+00      6.04803210e+00 
1.1000e+01      2.16796000e+02      2.11000000e+02      3.32000000e+02      3.14213390e+00      6.35964930e+00 
1.2000e+01      2.08535840e+02      2.04000000e+02      3.29000000e+02      3.49474660e+00      6.34114210e+00 
1.3000e+01      2.00608210e+02      1.98000000e+02      3.24000000e+02      3.59899130e+00      6.56845810e+00 
1.4000e+01      1.93116390e+02      1.84000000e+02      3.05000000e+02      3.52669760e+00      6.71489340e+00 
1.5000e+01      1.85746210e+02      1.86000000e+02      3.06000000e+02      3.83382440e+00      7.20895820e+00 
1.6000e+01      1.78737970e+02      1.74000000e+02      2.88000000e+02      4.27060770e+00      7.40342850e+00 
1.7000e+01      1.71896510e+02      1.74000000e+02      2.81000000e+02      4.45061910e+00      7.31960410e+00 
1.8000e+01      1.65300600e+02      1.62000000e+02      2.75000000e+02      4.73782320e+00      7.55007830e+00 
1.9000e+01      1.58973310e+02      1.45000000e+02      2.63000000e+02      4.84080570e+00      7.84137600e+00 
2.0000e+01      1.52828640e+02      1.54000000e+02      2.63000000e+02      4.96909370e+00      8.06581400e+00 
2.1000e+01      1.47002130e+02      1.41000000e+02      2.47000000e+02      5.27194910e+00      8.06401910e+00 
2.2000e+01      1.41241360e+02      1.39000000e+02      2.48000000e+02      5.40709400e+00      8.18362780e+00 
2.3000e+01      1.35704160e+02      1.31000000e+02      2.32000000e+02      5.60019910e+00      8.43133310e+00 
2.4000e+01      1.30313260e+02      1.22000000e+02      2.30000000e+02      5.51437090e+00      8.50598960e+00 
2.5000e+01      1.25022260e+02      1.14000000e+02      2.25000000e+02      5.86861860e+00      9.17656210e+00 
2.6000e+01      1.19988700e+02      1.15000000e+02      2.18000000e+02      6.03678490e+00      8.87140740e+00 
2.7000e+01      1.15196800e+02      1.17000000e+02      2.11000000e+02      6.13133400e+00      9.15824540e+00 
2.8000e+01      1.10559100e+02      1.04000000e+02      2.10000000e+02      6.28402770e+00      9.04222820e+00 
2.9000e+01      1.05993800e+02      1.02000000e+02      1.98000000e+02      6.44083940e+00      9.35922530e+00 
3.0000e+01      1.01624740e+02      1.01000000e+02      1.97000000e+02      6.58624840e+00      9.57118150e+00 
3.1000e+01      9.74064550e+01      9.50000000e+01      1.95000000e+02      6.64922820e+00      9.66224140e+00 
3.2000e+01      9.32770240e+01      8.50000000e+01      1.87000000e+02      6.74427360e+00      9.59540390e+00 
3.3000e+01      8.93298550e+01      8.20000000e+01      1.81000000e+02      6.95877880e+00      1.00109760e+01 
3.4000e+01      8.54551560e+01      7.40000000e+01      1.69000000e+02      7.06401840e+00      1.00350360e+01 
3.5000e+01      8.17429120e+01      7.70000000e+01      1.64000000e+02      7.30889090e+00      1.02572730e+01 
3.6000e+01      7.81951430e+01      7.60000000e+01      1.58000000e+02      7.44344960e+00      1.01265810e+01 
3.7000e+01      7.47317760e+01      6.90000000e+01      1.54000000e+02      7.51915550e+00      1.04873500e+01 
3.8000e+01      7.13955620e+01      6.30000000e+01      1.54000000e+02      7.54511580e+00      1.08365820e+01 
3.9000e+01      6.81529350e+01      6.50000000e+01      1.44000000e+02      7.53137460e+00      1.10868640e+01 
4.0000e+01      6.50172970e+01      6.00000000e+01      1.37000000e+02      7.73321720e+00      1.07065600e+01 
4.1000e+01      6.20558770e+01      4.60000000e+01      1.31000000e+02      7.87328880e+00      1.13903290e+01 
4.2000e+01      5.91372210e+01      5.50000000e+01      1.39000000e+02      7.97212040e+00      1.09530820e+01 
4.3000e+01      5.63520250e+01      5.40000000e+01      1.27000000e+02      8.23556210e+00      1.12947650e+01 
4.4000e+01      5.36939230e+01      5.20000000e+01      1.18000000e+02      8.23824380e+00      1.12475860e+01 
4.5000e+01      5.11122760e+01      4.50000000e+01      1.22000000e+02      8.19468350e+00      1.14512260e+01 
4.6000e+01      4.86003710e+01      4.20000000e+01      1.16000000e+02      8.44101630e+00      1.16567590e+01 
4.7000e+01      4.61926850e+01      4.10000000e+01      1.11000000e+02      8.37211310e+00      1.16718670e+01 
4.8000e+01      4.39063810e+01      4.00000000e+01      1.06000000e+02      8.63819490e+00      1.18614910e+01 
4.9000e+01      4.16106730e+01      3.70000000e+01      1.01000000e+02      8.51149460e+00      1.19968370e+01 
5.0000e+01      3.94684860e+01      2.80000000e+01      1.00000000e+02      8.78597510e+00      1.27062690e+01 
5.1000e+01      3.74037000e+01      2.50000000e+01      9.60000000e+01      8.86807180e+00      1.20260690e+01 
5.2000e+01      3.54075540e+01      2.90000000e+01      9.60000000e+01      8.94779630e+00      1.22212920e+01 
5.3000e+01      3.34864970e+01      2.50000000e+01      8.90000000e+01      9.12740220e+00      1.26834220e+01 
5.4000e+01      3.16898400e+01      2.40000000e+01      8.70000000e+01      9.11964610e+00      1.25385480e+01 
5.5000e+01      2.99242730e+01      2.40000000e+01      8.60000000e+01      9.23550130e+00      1.25965410e+01 
5.6000e+01      2.82496410e+01      2.20000000e+01      7.80000000e+01      9.38459020e+00      1.29773350e+01 
5.7000e+01      2.66349000e+01      1.70000000e+01      7.40000000e+01      9.47477710e+00      1.31899140e+01 
5.8000e+01      2.50891940e+01      1.70000000e+01      7.10000000e+01      9.55703200e+00      1.35657060e+01 
5.9000e+01      2.36185250e+01      1.50000000e+01      7.40000000e+01      9.51129380e+00      1.32825200e+01 
6.0000e+01      2.22129420e+01      1.50000000e+01      6.90000000e+01      9.60049970e+00      1.37610190e+01 
6.1000e+01      2.08626130e+01      1.00000000e+01      6.30000000e+01      9.54881260e+00      1.37602690e+01 
6.2000e+01      1.95946880e+01      9.00000000e+00      6.30000000e+01      9.87395690e+00      1.41021460e+01 
6.3000e+01      1.83566880e+01      1.10000000e+01      5.80000000e+01      9.87325750e+00      1.38776300e+01 
6.4000e+01      1.71994830e+01      1.10000000e+01      6.50000000e+01      9.92419370e+00      1.38111880e+01 
6.5000e+01      1.61021840e+01      6.00000000e+00      5.20000000e+01      9.93181770e+00      1.43681110e+01 
6.6000e+01      1.50497890e+01      7.00000000e+00      5.10000000e+01      1.01312000e+01      1.45291810e+01 
6.7000e+01      1.40521870e+01      6.00000000e+00      5.00000000e+01      1.01060460e+01      1.50477880e+01 
6.8000e+01      1.30961730e+01      5.00000000e+00      4.70000000e+01      1.03715750e+01      1.48188740e+01 
6.9000e+01      1.21836090e+01      3.00000000e+00      4.40000000e+01      1.03755860e+01      1.52265080e+01 
7.0000e+01      1.13421860e+01      4.00000000e+00      4.20000000e+01      1.02588780e+01      1.54491200e+01 
7.1000e+01      1.05323490e+01      3.00000000e+00      4.00000000e+01      1.03958940e+01      1.59125140e+01 
7.2000e+01      9.77645510e+00      3.00000000e+00      4.50000000e+01      1.04840470e+01      1.54394040e+01 
7.3000e+01      9.05631150e+00      2.00000000e+00      3.60000000e+01      1.05293190e+01      1.92136670e+01 
7.4000e+01      8.38550110e+00      2.00000000e+00      3.60000000e+01      1.03823000e+01      1.60448220e+01 
7.5000e+01      7.75125510e+00      2.00000000e+00      3.80000000e+01      1.06207530e+01      1.76635860e+01 
7.6000e+01      7.15002240e+00      2.00000000e+00      3.40000000e+01      1.06543200e+01      1.65257740e+01 
7.7000e+01      6.58902200e+00      2.00000000e+00      3.10000000e+01      1.08791860e+01      1.64301770e+01 
7.8000e+01      6.06621060e+00      2.00000000e+00      3.00000000e+01      1.09099540e+01      1.75540680e+01 
7.9000e+01      5.56651870e+00      2.00000000e+00      2.80000000e+01      1.09116470e+01      1.78291420e+01 
8.0000e+01      5.10222240e+00      2.00000000e+00      2.80000000e+01      1.09986920e+01      1.80153370e+01 
8.1000e+01      4.67079820e+00      2.00000000e+00      2.50000000e+01      1.08835840e+01      1.73623660e+01 
8.2000e+01      4.26738670e+00      2.00000000e+00      2.60000000e+01      1.10663510e+01      1.84672650e+01 
8.3000e+01      3.88631210e+00      2.00000000e+00      2.50000000e+01      1.10238870e+01      1.79203960e+01 
8.4000e+01      3.52583580e+00      2.00000000e+00      2.20000000e+01      1.12717650e+01      1.88660480e+01 
8.5000e+01      3.19588610e+00      2.00000000e+00      2.10000000e+01      1.09661450e+01      1.84674270e+01 
8.6000e+01      2.88890340e+00      2.00000000e+00      2.10000000e+01      1.12342110e+01      1.80484160e+01 
8.7000e+01      2.60084420e+00      2.00000000e+00      1.80000000e+01      1.09015060e+01      1.82823710e+01 
8.8000e+01      2.33560350e+00      2.00000000e+00      1.80000000e+01      1.08047780e+01      1.84356970e+01 
8.9000e+01      2.08121200e+00      2.00000000e+00      1.70000000e+01      1.15271830e+01      1.88230660e+01 
9.0000e+01      1.84338350e+00      2.00000000e+00      1.60000000e+01      1.14788090e+01      1.85070870e+01 
9.1000e+01      1.61961060e+00      2.00000000e+00      1.50000000e+01      1.13084690e+01      1.87758990e+01 
9.2000e+01      1.40716430e+00      2.00000000e+00      1.50000000e+01      1.13846200e+01      1.92467220e+01 
9.3000e+01      1.20688690e+00      2.00000000e+00      1.40000000e+01      1.15762210e+01      1.91336300e+01 
9.4000e+01      1.01886950e+00      2.00000000e+00      1.20000000e+01      1.17419780e+01      1.93031170e+01 
9.5000e+01      8.34819480e-01      2.00000000e+00      1.10000000e+01      1.17191680e+01      1.87543370e+01 
9.6000e+01      6.60207760e-01      2.00000000e+00      1.00000000e+01      1.15576180e+01      1.92718340e+01 
9.7000e+01      4.95710750e-01      2.00000000e+00      1.00000000e+01      1.18193730e+01      1.86845650e+01 
9.8000e+01      3.32713300e-01      2.00000000e+00      9.00000000e+00      1.19603170e+01      1.92363570e+01 
9.9000e+01      1.73857000e-01      2.00000000e+00      8.00000000e+00      1.18793880e+01      1.89807440e+01 
1.0000e+02      4.15517110e-05      2.00000000e+00      7.00000000e+00      1.16301240e+01      1.90584760e+01 
