#centrality dS/dy Npart_min Npart_max b_min(fm) b_max(fm)
0.0000e+00      1.00000000e+06      5.00000000e+02      5.00000000e+02      0.00000000e+00      0.00000000e+00 
1.0000e-01      1.79752120e+01      8.00000000e+00      3.20000000e+01      6.89749050e-02      5.96519450e+00 
2.0000e-01      1.67685280e+01      9.00000000e+00      3.00000000e+01      5.76805270e-02      6.85987210e+00 
3.0000e-01      1.60134530e+01      7.00000000e+00      3.10000000e+01      1.32955190e-01      6.16956790e+00 
4.0000e-01      1.54960170e+01      3.00000000e+00      2.80000000e+01      1.41864010e-01      7.23407870e+00 
5.0000e-01      1.50828050e+01      8.00000000e+00      3.00000000e+01      1.31736480e-01      8.18397050e+00 
6.0000e-01      1.47448900e+01      7.00000000e+00      2.90000000e+01      1.26297380e-01      8.59216450e+00 
7.0000e-01      1.44570660e+01      6.00000000e+00      2.90000000e+01      6.18110570e-02      6.23994730e+00 
8.0000e-01      1.41823540e+01      8.00000000e+00      3.10000000e+01      7.17397340e-02      6.82377490e+00 
9.0000e-01      1.39545420e+01      7.00000000e+00      3.00000000e+01      6.15810470e-02      6.76645910e+00 
1.0000e+00      1.37360540e+01      6.00000000e+00      2.70000000e+01      8.43117010e-02      7.20624640e+00 
2.0000e+00      1.23544240e+01      2.00000000e+00      3.10000000e+01      5.72517580e-02      1.13817540e+01 
3.0000e+00      1.14896700e+01      4.00000000e+00      3.00000000e+01      4.22263780e-02      9.15747500e+00 
4.0000e+00      1.08470110e+01      2.00000000e+00      3.10000000e+01      5.45777650e-02      1.05715480e+01 
5.0000e+00      1.03454170e+01      3.00000000e+00      2.90000000e+01      2.77442340e-02      1.13189340e+01 
6.0000e+00      9.91569850e+00      2.00000000e+00      2.80000000e+01      3.49976170e-02      1.10524300e+01 
7.0000e+00      9.54493970e+00      2.00000000e+00      2.80000000e+01      5.61717530e-02      9.94125010e+00 
8.0000e+00      9.21982890e+00      2.00000000e+00      2.90000000e+01      5.26756960e-02      9.83080310e+00 
9.0000e+00      8.92852430e+00      2.00000000e+00      2.80000000e+01      5.08151690e-02      9.87565610e+00 
1.0000e+01      8.65772820e+00      2.00000000e+00      2.70000000e+01      6.37628440e-02      9.87603260e+00 
1.1000e+01      8.40717610e+00      2.00000000e+00      2.70000000e+01      6.81723120e-03      9.32943110e+00 
1.2000e+01      8.17705030e+00      2.00000000e+00      3.00000000e+01      3.06673760e-02      1.10438880e+01 
1.3000e+01      7.96322370e+00      2.00000000e+00      2.70000000e+01      5.72517580e-02      1.18326550e+01 
1.4000e+01      7.75831120e+00      2.00000000e+00      2.90000000e+01      2.77442340e-02      1.13706670e+01 
1.5000e+01      7.56812750e+00      2.00000000e+00      2.70000000e+01      3.61135620e-02      1.15451650e+01 
1.6000e+01      7.38973220e+00      2.00000000e+00      2.50000000e+01      4.20573950e-02      1.17127170e+01 
1.7000e+01      7.21486150e+00      2.00000000e+00      2.70000000e+01      8.19421070e-02      1.32086560e+01 
1.8000e+01      7.04630790e+00      2.00000000e+00      2.70000000e+01      4.02110240e-02      1.07336960e+01 
1.9000e+01      6.88836740e+00      2.00000000e+00      2.70000000e+01      4.38350750e-03      1.22619410e+01 
2.0000e+01      6.73577080e+00      2.00000000e+00      2.60000000e+01      6.46130200e-02      1.18125380e+01 
2.1000e+01      6.58716630e+00      2.00000000e+00      2.80000000e+01      1.21201310e-01      1.10555720e+01 
2.2000e+01      6.44237960e+00      2.00000000e+00      2.60000000e+01      6.24766530e-02      1.40640670e+01 
2.3000e+01      6.30581310e+00      2.00000000e+00      2.60000000e+01      8.89848080e-02      1.29279240e+01 
2.4000e+01      6.17043150e+00      2.00000000e+00      2.80000000e+01      4.38016280e-02      1.24585740e+01 
2.5000e+01      6.03986630e+00      2.00000000e+00      2.70000000e+01      8.53925820e-02      1.12246570e+01 
2.6000e+01      5.91169300e+00      2.00000000e+00      2.90000000e+01      1.41277900e-01      1.11695220e+01 
2.7000e+01      5.78611920e+00      2.00000000e+00      2.60000000e+01      8.71219580e-02      1.21116570e+01 
2.8000e+01      5.66771290e+00      2.00000000e+00      2.60000000e+01      1.12680020e-01      1.20969400e+01 
2.9000e+01      5.55110360e+00      2.00000000e+00      2.40000000e+01      5.87004650e-02      1.20429940e+01 
3.0000e+01      5.43634770e+00      2.00000000e+00      2.30000000e+01      5.70994300e-02      1.29646910e+01 
3.1000e+01      5.32228510e+00      2.00000000e+00      2.60000000e+01      1.17484540e-01      1.26540300e+01 
3.2000e+01      5.21106640e+00      2.00000000e+00      2.40000000e+01      1.11356020e-01      1.43035900e+01 
3.3000e+01      5.10355420e+00      2.00000000e+00      2.60000000e+01      6.49836480e-02      1.42156170e+01 
3.4000e+01      4.99795300e+00      2.00000000e+00      2.30000000e+01      1.04177830e-01      1.27530850e+01 
3.5000e+01      4.89334300e+00      2.00000000e+00      2.40000000e+01      3.36164430e-02      1.16824220e+01 
3.6000e+01      4.79041590e+00      2.00000000e+00      2.40000000e+01      6.94684610e-02      1.21960990e+01 
3.7000e+01      4.69131340e+00      2.00000000e+00      2.40000000e+01      7.51305100e-02      1.50598590e+01 
3.8000e+01      4.59211670e+00      2.00000000e+00      2.40000000e+01      1.78526160e-01      1.09531470e+01 
3.9000e+01      4.49442640e+00      2.00000000e+00      2.20000000e+01      5.96105300e-02      1.28177010e+01 
4.0000e+01      4.39843010e+00      2.00000000e+00      2.40000000e+01      1.19969570e-01      1.20877850e+01 
4.1000e+01      4.30518140e+00      2.00000000e+00      2.20000000e+01      3.87348220e-02      1.20309890e+01 
4.2000e+01      4.21134670e+00      2.00000000e+00      2.30000000e+01      1.50995260e-01      1.51939070e+01 
4.3000e+01      4.11996360e+00      2.00000000e+00      2.20000000e+01      1.44781080e-01      1.19679030e+01 
4.4000e+01      4.03063460e+00      2.00000000e+00      2.10000000e+01      9.31408610e-02      1.31694580e+01 
4.5000e+01      3.94223510e+00      2.00000000e+00      2.20000000e+01      1.24291440e-01      1.28996290e+01 
4.6000e+01      3.85548260e+00      2.00000000e+00      2.30000000e+01      3.61459470e-02      1.35870780e+01 
4.7000e+01      3.76730420e+00      2.00000000e+00      2.20000000e+01      3.25520440e-02      1.22632390e+01 
4.8000e+01      3.68172360e+00      2.00000000e+00      2.20000000e+01      1.68375710e-01      1.52560790e+01 
4.9000e+01      3.59483820e+00      2.00000000e+00      2.00000000e+01      1.07597420e-01      1.86383740e+01 
5.0000e+01      3.50959350e+00      2.00000000e+00      2.00000000e+01      5.30796340e-02      1.32086560e+01 
5.1000e+01      3.42520930e+00      2.00000000e+00      2.10000000e+01      1.42024360e-01      1.17976570e+01 
5.2000e+01      3.34122120e+00      2.00000000e+00      2.00000000e+01      1.69477410e-01      1.23471290e+01 
5.3000e+01      3.25928730e+00      2.00000000e+00      2.10000000e+01      9.41520840e-02      1.26584360e+01 
5.4000e+01      3.17687090e+00      2.00000000e+00      2.20000000e+01      1.35806190e-01      1.32134250e+01 
5.5000e+01      3.09531100e+00      2.00000000e+00      2.00000000e+01      7.61729640e-02      1.38073790e+01 
5.6000e+01      3.01589770e+00      2.00000000e+00      2.00000000e+01      9.53588580e-02      1.33518410e+01 
5.7000e+01      2.93623680e+00      2.00000000e+00      2.20000000e+01      1.15968470e-01      1.30094570e+01 
5.8000e+01      2.85938860e+00      2.00000000e+00      2.00000000e+01      1.11632840e-01      1.28172130e+01 
5.9000e+01      2.78305740e+00      2.00000000e+00      1.90000000e+01      1.45238850e-01      1.25711760e+01 
6.0000e+01      2.70625810e+00      2.00000000e+00      1.90000000e+01      1.01783240e-01      1.30589750e+01 
6.1000e+01      2.62909580e+00      2.00000000e+00      1.90000000e+01      1.73844350e-01      1.44585540e+01 
6.2000e+01      2.55454750e+00      2.00000000e+00      1.90000000e+01      1.72468090e-01      1.41821410e+01 
6.3000e+01      2.47932710e+00      2.00000000e+00      1.90000000e+01      1.47106020e-01      1.47482350e+01 
6.4000e+01      2.40555680e+00      2.00000000e+00      1.80000000e+01      2.43391130e-01      1.30692110e+01 
6.5000e+01      2.33165210e+00      2.00000000e+00      1.80000000e+01      1.37125820e-01      1.52560790e+01 
6.6000e+01      2.25792500e+00      2.00000000e+00      1.90000000e+01      1.42879120e-01      1.31815460e+01 
6.7000e+01      2.18624290e+00      2.00000000e+00      1.90000000e+01      6.52471410e-02      1.38309800e+01 
6.8000e+01      2.11436110e+00      2.00000000e+00      1.80000000e+01      1.78836500e-01      1.37305280e+01 
6.9000e+01      2.04288480e+00      2.00000000e+00      1.70000000e+01      1.53262320e-01      1.51820640e+01 
7.0000e+01      1.97069110e+00      2.00000000e+00      1.80000000e+01      1.67110560e-01      1.34939620e+01 
7.1000e+01      1.90115360e+00      2.00000000e+00      1.80000000e+01      3.28575090e-01      1.43782900e+01 
7.2000e+01      1.83262620e+00      2.00000000e+00      1.70000000e+01      4.33564920e-01      1.35003410e+01 
7.3000e+01      1.76455230e+00      2.00000000e+00      1.60000000e+01      6.50859180e-02      1.35427840e+01 
7.4000e+01      1.69738990e+00      2.00000000e+00      1.70000000e+01      2.56824200e-01      1.51843240e+01 
7.5000e+01      1.62863520e+00      2.00000000e+00      1.60000000e+01      2.34234400e-01      1.51027840e+01 
7.6000e+01      1.56153920e+00      2.00000000e+00      1.70000000e+01      9.31408610e-02      1.37567550e+01 
7.7000e+01      1.49536120e+00      2.00000000e+00      1.60000000e+01      2.36097360e-01      1.43370680e+01 
7.8000e+01      1.42900550e+00      2.00000000e+00      1.60000000e+01      4.29500620e-01      1.70398490e+01 
7.9000e+01      1.36380540e+00      2.00000000e+00      1.50000000e+01      4.62297160e-01      1.47982160e+01 
8.0000e+01      1.29895470e+00      2.00000000e+00      1.40000000e+01      1.07432990e-01      1.31894020e+01 
8.1000e+01      1.23424300e+00      2.00000000e+00      1.60000000e+01      3.94655230e-01      1.35427840e+01 
8.2000e+01      1.17005600e+00      2.00000000e+00      1.40000000e+01      3.54004850e-01      1.33314060e+01 
8.3000e+01      1.10568690e+00      2.00000000e+00      1.40000000e+01      8.77126360e-01      1.58801150e+01 
8.4000e+01      1.04196640e+00      2.00000000e+00      1.30000000e+01      3.58186570e-01      1.46154190e+01 
8.5000e+01      9.79173630e-01      2.00000000e+00      1.40000000e+01      2.88302400e-01      1.45394010e+01 
8.6000e+01      9.17070780e-01      2.00000000e+00      1.40000000e+01      2.76902440e-01      1.51843240e+01 
8.7000e+01      8.54123750e-01      2.00000000e+00      1.30000000e+01      4.96148350e-01      1.44132410e+01 
8.8000e+01      7.90603590e-01      2.00000000e+00      1.50000000e+01      1.12046990e+00      1.62244440e+01 
8.9000e+01      7.27657500e-01      2.00000000e+00      1.60000000e+01      1.07986900e+00      1.36903340e+01 
9.0000e+01      6.64637750e-01      2.00000000e+00      1.10000000e+01      3.71812160e-01      1.54934340e+01 
9.1000e+01      6.03235330e-01      2.00000000e+00      1.10000000e+01      1.17587060e+00      1.46154190e+01 
9.2000e+01      5.40773000e-01      2.00000000e+00      1.20000000e+01      3.88056880e-01      1.58081500e+01 
9.3000e+01      4.78285650e-01      2.00000000e+00      1.00000000e+01      1.60368850e+00      1.54317280e+01 
9.4000e+01      4.15138020e-01      2.00000000e+00      1.00000000e+01      1.72891370e+00      1.50335590e+01 
9.5000e+01      3.51205010e-01      2.00000000e+00      1.00000000e+01      1.68786280e+00      1.46805130e+01 
9.6000e+01      2.87795210e-01      2.00000000e+00      1.00000000e+01      2.88336110e+00      1.61088540e+01 
9.7000e+01      2.22636370e-01      2.00000000e+00      8.00000000e+00      1.42760290e+00      1.50790140e+01 
9.8000e+01      1.54230450e-01      2.00000000e+00      8.00000000e+00      2.10186170e+00      1.64206160e+01 
9.9000e+01      8.37804900e-02      2.00000000e+00      8.00000000e+00      3.58058330e+00      1.67778470e+01 
1.0000e+02      7.44138240e-05      2.00000000e+00      6.00000000e+00      3.55769570e+00      1.49873130e+01 
