#centrality dS/dy Npart_min Npart_max b_min(fm) b_max(fm)
0.0000e+00      1.00000000e+06      5.00000000e+02      5.00000000e+02      0.00000000e+00      0.00000000e+00 
1.0000e-01      4.00170240e+02      3.93000000e+02      4.16000000e+02      3.79514690e-02      1.96494810e+00 
2.0000e-01      3.96313250e+02      3.83000000e+02      4.14000000e+02      1.37909320e-02      2.17064870e+00 
3.0000e-01      3.93562260e+02      3.86000000e+02      4.15000000e+02      3.78971800e-02      2.14919030e+00 
4.0000e-01      3.91326270e+02      3.88000000e+02      4.15000000e+02      5.55951470e-02      2.26302800e+00 
5.0000e-01      3.89295280e+02      3.84000000e+02      4.14000000e+02      3.96632740e-02      2.33913410e+00 
6.0000e-01      3.87525290e+02      3.87000000e+02      4.14000000e+02      1.05319830e-02      2.21470350e+00 
7.0000e-01      3.85755300e+02      3.82000000e+02      4.14000000e+02      5.91348530e-02      2.38326050e+00 
8.0000e-01      3.84184300e+02      3.75000000e+02      4.14000000e+02      7.00893800e-02      2.52760140e+00 
9.0000e-01      3.82600320e+02      3.82000000e+02      4.13000000e+02      1.15228340e-01      2.46875090e+00 
1.0000e+00      3.81004320e+02      3.76000000e+02      4.14000000e+02      3.81120240e-02      2.45813490e+00 
2.0000e+00      3.66278390e+02      3.67000000e+02      4.12000000e+02      1.59274530e-01      3.02003530e+00 
3.0000e+00      3.51831450e+02      3.51000000e+02      4.08000000e+02      5.24243990e-01      3.34474790e+00 
4.0000e+00      3.38131510e+02      3.43000000e+02      3.97000000e+02      1.77210330e+00      3.86373280e+00 
5.0000e+00      3.24821570e+02      3.30000000e+02      3.93000000e+02      2.17761820e+00      4.22617880e+00 
6.0000e+00      3.12114620e+02      3.15000000e+02      3.82000000e+02      2.77891730e+00      4.38802970e+00 
7.0000e+00      2.99692680e+02      3.07000000e+02      3.71000000e+02      3.14570780e+00      4.68493780e+00 
8.0000e+00      2.88022730e+02      2.94000000e+02      3.58000000e+02      3.57237120e+00      5.06096080e+00 
9.0000e+00      2.76730770e+02      2.89000000e+02      3.52000000e+02      3.89245620e+00      5.26149690e+00 
1.0000e+01      2.65762830e+02      2.80000000e+02      3.40000000e+02      4.25770790e+00      5.51823050e+00 
1.1000e+01      2.55117880e+02      2.70000000e+02      3.35000000e+02      4.46142650e+00      5.79811370e+00 
1.2000e+01      2.44962920e+02      2.60000000e+02      3.20000000e+02      4.73058620e+00      6.01865000e+00 
1.3000e+01      2.35317970e+02      2.44000000e+02      3.17000000e+02      4.89916020e+00      6.23613560e+00 
1.4000e+01      2.26039000e+02      2.41000000e+02      3.04000000e+02      5.10694830e+00      6.39081650e+00 
1.5000e+01      2.17046040e+02      2.34000000e+02      2.97000000e+02      5.36098940e+00      6.71988980e+00 
1.6000e+01      2.08437080e+02      2.20000000e+02      2.89000000e+02      5.61719890e+00      6.85557050e+00 
1.7000e+01      2.00059120e+02      2.17000000e+02      2.76000000e+02      5.79285330e+00      7.04789690e+00 
1.8000e+01      1.92153150e+02      2.09000000e+02      2.69000000e+02      6.00446450e+00      7.18740260e+00 
1.9000e+01      1.84426180e+02      2.06000000e+02      2.62000000e+02      5.99655230e+00      7.42885100e+00 
2.0000e+01      1.76980220e+02      1.94000000e+02      2.52000000e+02      6.26668750e+00      7.80213170e+00 
2.1000e+01      1.69757250e+02      1.89000000e+02      2.45000000e+02      6.44599030e+00      7.88745350e+00 
2.2000e+01      1.62713280e+02      1.81000000e+02      2.38000000e+02      6.52839960e+00      8.04264130e+00 
2.3000e+01      1.55944310e+02      1.70000000e+02      2.27000000e+02      6.76485020e+00      8.21327060e+00 
2.4000e+01      1.49391340e+02      1.68000000e+02      2.25000000e+02      6.89137030e+00      8.61911960e+00 
2.5000e+01      1.43118370e+02      1.60000000e+02      2.16000000e+02      7.12025270e+00      8.54898630e+00 
2.6000e+01      1.37112390e+02      1.57000000e+02      2.11000000e+02      7.25148280e+00      8.71651170e+00 
2.7000e+01      1.31299420e+02      1.53000000e+02      1.99000000e+02      7.41965330e+00      8.85743660e+00 
2.8000e+01      1.25641450e+02      1.43000000e+02      1.93000000e+02      7.49331860e+00      9.05394320e+00 
2.9000e+01      1.20144470e+02      1.41000000e+02      1.88000000e+02      7.56845280e+00      9.32079280e+00 
3.0000e+01      1.14834490e+02      1.31000000e+02      1.79000000e+02      7.77815250e+00      9.43376990e+00 
3.1000e+01      1.09778510e+02      1.26000000e+02      1.74000000e+02      7.91300420e+00      9.66787590e+00 
3.2000e+01      1.04871540e+02      1.23000000e+02      1.68000000e+02      7.88294100e+00      9.79799320e+00 
3.3000e+01      1.00182560e+02      1.20000000e+02      1.63000000e+02      8.04308070e+00      1.00276660e+01 
3.4000e+01      9.56675790e+01      1.15000000e+02      1.58000000e+02      8.28443510e+00      1.00309890e+01 
3.5000e+01      9.12825960e+01      1.10000000e+02      1.50000000e+02      8.41838620e+00      1.03021850e+01 
3.6000e+01      8.70596150e+01      1.02000000e+02      1.45000000e+02      8.50240390e+00      1.03074430e+01 
3.7000e+01      8.29786350e+01      1.03000000e+02      1.39000000e+02      8.44606590e+00      1.04613660e+01 
3.8000e+01      7.90406530e+01      9.80000000e+01      1.36000000e+02      8.69276230e+00      1.07350610e+01 
3.9000e+01      7.52706660e+01      9.30000000e+01      1.27000000e+02      8.81746460e+00      1.09878470e+01 
4.0000e+01      7.15876840e+01      9.00000000e+01      1.23000000e+02      8.91063010e+00      1.09823550e+01 
4.1000e+01      6.81346970e+01      8.40000000e+01      1.18000000e+02      9.04320350e+00      1.10397430e+01 
4.2000e+01      6.47557150e+01      8.40000000e+01      1.15000000e+02      9.09146590e+00      1.14929690e+01 
4.3000e+01      6.15697300e+01      7.90000000e+01      1.09000000e+02      9.26643660e+00      1.13567140e+01 
4.4000e+01      5.84827410e+01      7.50000000e+01      1.04000000e+02      9.41217840e+00      1.17161860e+01 
4.5000e+01      5.55197550e+01      7.10000000e+01      1.00000000e+02      9.45227360e+00      1.17160130e+01 
4.6000e+01      5.25697710e+01      6.90000000e+01      9.40000000e+01      9.54491030e+00      1.18908780e+01 
4.7000e+01      4.97997810e+01      6.30000000e+01      9.20000000e+01      9.39950120e+00      1.19456160e+01 
4.8000e+01      4.71787920e+01      6.30000000e+01      8.60000000e+01      9.79747410e+00      1.20774920e+01 
4.9000e+01      4.46448030e+01      5.90000000e+01      8.20000000e+01      9.84408400e+00      1.22006500e+01 
5.0000e+01      4.22038120e+01      5.70000000e+01      7.70000000e+01      9.93855870e+00      1.24243380e+01 
5.1000e+01      3.98808250e+01      5.10000000e+01      7.40000000e+01      9.90792450e+00      1.26960810e+01 
5.2000e+01      3.76448340e+01      5.00000000e+01      7.10000000e+01      1.01388220e+01      1.27672800e+01 
5.3000e+01      3.55208440e+01      5.00000000e+01      6.80000000e+01      1.02450640e+01      1.27576810e+01 
5.4000e+01      3.34898520e+01      4.60000000e+01      6.30000000e+01      1.03487860e+01      1.31126110e+01 
5.5000e+01      3.16018610e+01      4.30000000e+01      6.00000000e+01      1.03476380e+01      1.33013880e+01 
5.6000e+01      2.97568700e+01      4.00000000e+01      5.60000000e+01      1.05181650e+01      1.33813860e+01 
5.7000e+01      2.80118790e+01      3.90000000e+01      5.40000000e+01      1.04926030e+01      1.35774110e+01 
5.8000e+01      2.63348840e+01      3.80000000e+01      5.10000000e+01      1.04800350e+01      1.35888910e+01 
5.9000e+01      2.46948900e+01      3.60000000e+01      4.80000000e+01      1.07479900e+01      1.35301570e+01 
6.0000e+01      2.31548990e+01      3.30000000e+01      4.50000000e+01      1.06873800e+01      1.38330410e+01 
6.1000e+01      2.17199040e+01      3.10000000e+01      4.30000000e+01      1.08430810e+01      1.40812330e+01 
6.2000e+01      2.03289110e+01      3.00000000e+01      4.00000000e+01      1.08863240e+01      1.40080040e+01 
6.3000e+01      1.90059170e+01      2.80000000e+01      3.80000000e+01      1.07457380e+01      1.42279130e+01 
6.4000e+01      1.77699220e+01      2.60000000e+01      3.50000000e+01      1.11997970e+01      1.46180230e+01 
6.5000e+01      1.65649280e+01      2.50000000e+01      3.30000000e+01      1.13712510e+01      1.45203570e+01 
6.6000e+01      1.54469320e+01      2.30000000e+01      3.10000000e+01      1.13280570e+01      1.46569220e+01 
6.7000e+01      1.44159360e+01      2.20000000e+01      2.90000000e+01      1.13987680e+01      1.51409740e+01 
6.8000e+01      1.34159410e+01      2.00000000e+01      2.70000000e+01      1.14754840e+01      1.52217130e+01 
6.9000e+01      1.24469460e+01      1.90000000e+01      2.50000000e+01      1.10753280e+01      1.50968170e+01 
7.0000e+01      1.15649490e+01      1.70000000e+01      2.30000000e+01      1.15850660e+01      1.57319120e+01 
7.1000e+01      1.07389520e+01      1.70000000e+01      2.20000000e+01      1.11965550e+01      1.65174950e+01 
7.2000e+01      9.94395590e+00      1.50000000e+01      2.00000000e+01      1.14815460e+01      1.55127310e+01 
7.3000e+01      9.14896090e+00      1.40000000e+01      1.90000000e+01      1.17028080e+01      1.66168110e+01 
7.4000e+01      8.50296240e+00      1.30000000e+01      1.70000000e+01      1.16633560e+01      1.61367250e+01 
7.5000e+01      7.82596550e+00      1.20000000e+01      1.60000000e+01      1.18554080e+01      1.59695120e+01 
7.6000e+01      7.14896910e+00      1.10000000e+01      1.50000000e+01      1.18768830e+01      1.69885620e+01 
7.7000e+01      6.58997120e+00      1.10000000e+01      1.40000000e+01      1.20121450e+01      1.76595740e+01 
7.8000e+01      6.03097380e+00      1.00000000e+01      1.30000000e+01      1.17349840e+01      1.69411990e+01 
7.9000e+01      5.58997530e+00      9.00000000e+00      1.20000000e+01      1.22034960e+01      1.69558320e+01 
8.0000e+01      5.23597650e+00      9.00000000e+00      1.10000000e+01      1.17840190e+01      1.79613320e+01 
8.1000e+01      4.79497840e+00      8.00000000e+00      1.00000000e+01      1.21685710e+01      1.80989190e+01 
8.2000e+01      4.23598160e+00      7.00000000e+00      9.00000000e+00      1.23121160e+01      1.88905940e+01 
8.3000e+01      3.79498360e+00      7.00000000e+00      8.00000000e+00      1.22057260e+01      1.84134720e+01 
8.4000e+01      3.67698350e+00      6.00000000e+00      7.00000000e+00      1.25928590e+01      1.85774920e+01 
8.5000e+01      3.23598550e+00      6.00000000e+00      7.00000000e+00      1.22594290e+01      1.94422830e+01 
8.6000e+01      3.11798560e+00      6.00000000e+00      6.00000000e+00      1.24096380e+01      1.82354540e+01 
8.7000e+01      2.67698800e+00      5.00000000e+00      6.00000000e+00      1.25836790e+01      1.90371560e+01 
8.8000e+01      2.55898850e+00      5.00000000e+00      5.00000000e+00      1.23242620e+01      1.89746220e+01 
8.9000e+01      2.11799070e+00      4.00000000e+00      5.00000000e+00      1.28080930e+01      1.98814300e+01 
9.0000e+01      1.99999140e+00      4.00000000e+00      4.00000000e+00      1.26293910e+01      1.95207880e+01 
9.1000e+01      1.55899350e+00      3.00000000e+00      4.00000000e+00      1.27011700e+01      1.91909770e+01 
9.2000e+01      1.55899320e+00      3.00000000e+00      3.00000000e+00      1.27337800e+01      1.98210280e+01 
9.3000e+01      1.55899300e+00      3.00000000e+00      3.00000000e+00      1.28705470e+01      1.95373900e+01 
9.4000e+01      9.99995820e-01      2.00000000e+00      3.00000000e+00      1.27282000e+01      1.98841340e+01 
9.5000e+01      9.99995730e-01      2.00000000e+00      2.00000000e+00      1.22064530e+01      1.99740010e+01 
9.6000e+01      9.99995650e-01      2.00000000e+00      2.00000000e+00      1.30755740e+01      1.99700860e+01 
9.7000e+01      9.99995580e-01      2.00000000e+00      2.00000000e+00      1.23860480e+01      1.99856080e+01 
9.8000e+01      9.99995510e-01      2.00000000e+00      2.00000000e+00      1.27425910e+01      1.99838990e+01 
9.9000e+01      9.99995420e-01      2.00000000e+00      2.00000000e+00      1.29312540e+01      1.99693070e+01 
1.0000e+02      9.99994810e-01      2.00000000e+00      2.00000000e+00      1.29598170e+01      1.99053880e+01 
