#centrality dS/dy Npart_min Npart_max b_min(fm) b_max(fm)
0.0000e+00      1.00000000e+06      5.00000000e+02      5.00000000e+02      0.00000000e+00      0.00000000e+00 
1.0000e-01      3.07718340e+02      3.39000000e+02      3.90000000e+02      1.67931470e-02      2.47290470e+00 
2.0000e-01      3.01882630e+02      3.33000000e+02      3.88000000e+02      1.21342260e-02      2.66264420e+00 
3.0000e-01      2.98087010e+02      3.35000000e+02      3.89000000e+02      1.57520180e-02      2.68188990e+00 
4.0000e-01      2.95042320e+02      3.31000000e+02      3.87000000e+02      6.63253110e-02      2.85082420e+00 
5.0000e-01      2.92567560e+02      3.22000000e+02      3.88000000e+02      4.92083930e-02      3.00051000e+00 
6.0000e-01      2.90402560e+02      3.33000000e+02      3.86000000e+02      2.60091920e-02      2.82671600e+00 
7.0000e-01      2.88490930e+02      3.24000000e+02      3.86000000e+02      4.84697510e-02      3.08862070e+00 
8.0000e-01      2.86672510e+02      3.18000000e+02      3.86000000e+02      1.20052790e-01      3.26662320e+00 
9.0000e-01      2.84933100e+02      3.24000000e+02      3.86000000e+02      1.11584640e-01      3.20294340e+00 
1.0000e+00      2.83390850e+02      3.22000000e+02      3.88000000e+02      1.46078540e-01      3.15358080e+00 
2.0000e+00      2.70287790e+02      3.02000000e+02      3.89000000e+02      3.97033080e-02      3.66235000e+00 
3.0000e+00      2.59492890e+02      2.86000000e+02      3.88000000e+02      5.04320330e-02      4.30797520e+00 
4.0000e+00      2.49501930e+02      2.69000000e+02      3.85000000e+02      1.15281020e-01      4.41927070e+00 
5.0000e+00      2.39708710e+02      2.64000000e+02      3.82000000e+02      2.61218150e-01      4.86310970e+00 
6.0000e+00      2.30575570e+02      2.59000000e+02      3.66000000e+02      1.17530520e+00      4.95169510e+00 
7.0000e+00      2.21920770e+02      2.43000000e+02      3.66000000e+02      1.23509880e+00      5.13741440e+00 
8.0000e+00      2.13735850e+02      2.33000000e+02      3.54000000e+02      2.02050710e+00      5.48265300e+00 
9.0000e+00      2.05840380e+02      2.32000000e+02      3.35000000e+02      2.52198170e+00      5.55760990e+00 
1.0000e+01      1.98396990e+02      2.15000000e+02      3.33000000e+02      2.76902410e+00      6.12322570e+00 
1.1000e+01      1.91257260e+02      2.12000000e+02      3.20000000e+02      3.18726840e+00      6.02728800e+00 
1.2000e+01      1.84294190e+02      1.93000000e+02      3.16000000e+02      3.29618200e+00      6.11364840e+00 
1.3000e+01      1.77549520e+02      1.95000000e+02      3.02000000e+02      3.69271640e+00      6.44814660e+00 
1.4000e+01      1.71050470e+02      1.92000000e+02      2.95000000e+02      3.90522540e+00      6.48135020e+00 
1.5000e+01      1.64882420e+02      1.83000000e+02      2.83000000e+02      4.19161660e+00      6.82566850e+00 
1.6000e+01      1.58881140e+02      1.77000000e+02      2.79000000e+02      4.26629520e+00      6.89318130e+00 
1.7000e+01      1.53111680e+02      1.70000000e+02      2.76000000e+02      4.46771610e+00      7.07023670e+00 
1.8000e+01      1.47365050e+02      1.64000000e+02      2.64000000e+02      4.68064750e+00      7.21883690e+00 
1.9000e+01      1.41833030e+02      1.57000000e+02      2.50000000e+02      4.75204510e+00      7.37733830e+00 
2.0000e+01      1.36675150e+02      1.42000000e+02      2.46000000e+02      5.17517250e+00      7.67118170e+00 
2.1000e+01      1.31587460e+02      1.42000000e+02      2.46000000e+02      4.97790620e+00      7.89911560e+00 
2.2000e+01      1.26652690e+02      1.40000000e+02      2.32000000e+02      5.55423030e+00      7.84064260e+00 
2.3000e+01      1.21887770e+02      1.29000000e+02      2.33000000e+02      5.42554960e+00      8.19464470e+00 
2.4000e+01      1.17395090e+02      1.29000000e+02      2.21000000e+02      5.78289430e+00      8.28790700e+00 
2.5000e+01      1.12933840e+02      1.23000000e+02      2.09000000e+02      6.01612890e+00      8.39685430e+00 
2.6000e+01      1.08615510e+02      1.17000000e+02      2.08000000e+02      6.03321810e+00      8.65145780e+00 
2.7000e+01      1.04480570e+02      1.14000000e+02      1.97000000e+02      6.15157540e+00      8.71839650e+00 
2.8000e+01      1.00414140e+02      1.12000000e+02      1.96000000e+02      6.29965710e+00      8.78563520e+00 
2.9000e+01      9.65239610e+01      1.06000000e+02      1.87000000e+02      6.26943350e+00      8.94953710e+00 
3.0000e+01      9.27094900e+01      1.00000000e+02      1.81000000e+02      6.58895020e+00      9.28279600e+00 
3.1000e+01      8.90421490e+01      9.00000000e+01      1.77000000e+02      6.56942450e+00      9.33981000e+00 
3.2000e+01      8.55047080e+01      8.60000000e+01      1.74000000e+02      6.76607860e+00      9.33260600e+00 
3.3000e+01      8.20938330e+01      8.70000000e+01      1.70000000e+02      6.97991550e+00      9.62075580e+00 
3.4000e+01      7.87673960e+01      8.50000000e+01      1.64000000e+02      7.22130460e+00      9.86707860e+00 
3.5000e+01      7.55383600e+01      8.00000000e+01      1.55000000e+02      7.19497950e+00      9.68224690e+00 
3.6000e+01      7.24061640e+01      7.80000000e+01      1.50000000e+02      7.33794910e+00      9.92870680e+00 
3.7000e+01      6.93952250e+01      7.30000000e+01      1.50000000e+02      7.42053470e+00      1.01374630e+01 
3.8000e+01      6.64281980e+01      6.60000000e+01      1.39000000e+02      7.50778900e+00      1.00742000e+01 
3.9000e+01      6.35990100e+01      6.80000000e+01      1.37000000e+02      7.60751650e+00      1.04180220e+01 
4.0000e+01      6.08491870e+01      6.50000000e+01      1.31000000e+02      7.70142360e+00      1.04942220e+01 
4.1000e+01      5.81845970e+01      6.10000000e+01      1.26000000e+02      7.67594310e+00      1.06612900e+01 
4.2000e+01      5.55956780e+01      5.70000000e+01      1.26000000e+02      7.91742930e+00      1.06362420e+01 
4.3000e+01      5.31060040e+01      5.80000000e+01      1.16000000e+02      8.16053890e+00      1.06429970e+01 
4.4000e+01      5.06987080e+01      5.20000000e+01      1.15000000e+02      8.16333450e+00      1.09855060e+01 
4.5000e+01      4.83546870e+01      5.20000000e+01      1.12000000e+02      8.25410780e+00      1.09875810e+01 
4.6000e+01      4.60921460e+01      4.70000000e+01      1.09000000e+02      8.27048940e+00      1.12649940e+01 
4.7000e+01      4.38874400e+01      4.50000000e+01      1.05000000e+02      8.46877430e+00      1.11602260e+01 
4.8000e+01      4.17789200e+01      4.30000000e+01      1.11000000e+02      8.58955350e+00      1.13539930e+01 
4.9000e+01      3.97506810e+01      3.80000000e+01      9.80000000e+01      8.66587150e+00      1.18218470e+01 
5.0000e+01      3.77921440e+01      3.70000000e+01      9.20000000e+01      8.77321130e+00      1.18922060e+01 
5.1000e+01      3.58670650e+01      3.20000000e+01      9.00000000e+01      8.62351010e+00      1.18512820e+01 
5.2000e+01      3.40674650e+01      3.10000000e+01      8.70000000e+01      8.92386290e+00      1.19654040e+01 
5.3000e+01      3.23018430e+01      3.00000000e+01      8.10000000e+01      9.10000530e+00      1.20472920e+01 
5.4000e+01      3.06456060e+01      2.90000000e+01      8.10000000e+01      9.13995700e+00      1.22324760e+01 
5.5000e+01      2.90397590e+01      2.60000000e+01      7.50000000e+01      9.03496030e+00      1.22045630e+01 
5.6000e+01      2.74762260e+01      2.30000000e+01      7.20000000e+01      9.23863600e+00      1.23295120e+01 
5.7000e+01      2.59595690e+01      2.20000000e+01      7.10000000e+01      9.25597460e+00      1.24353670e+01 
5.8000e+01      2.45079390e+01      2.00000000e+01      6.70000000e+01      9.48035910e+00      1.28284720e+01 
5.9000e+01      2.31372070e+01      1.90000000e+01      6.70000000e+01      9.57066520e+00      1.28092750e+01 
6.0000e+01      2.18332190e+01      1.50000000e+01      6.50000000e+01      9.54957380e+00      1.29206030e+01 
6.1000e+01      2.05716270e+01      1.60000000e+01      6.20000000e+01      9.70665920e+00      1.30321520e+01 
6.2000e+01      1.93439570e+01      1.60000000e+01      5.90000000e+01      9.84398190e+00      1.30294530e+01 
6.3000e+01      1.81777890e+01      1.40000000e+01      5.50000000e+01      9.46284850e+00      1.31831810e+01 
6.4000e+01      1.70773760e+01      1.10000000e+01      5.40000000e+01      9.69897490e+00      1.35575930e+01 
6.5000e+01      1.60110940e+01      8.00000000e+00      5.00000000e+01      1.00366770e+01      1.38885240e+01 
6.6000e+01      1.50021370e+01      1.00000000e+01      5.30000000e+01      1.00859750e+01      1.34705640e+01 
6.7000e+01      1.40357550e+01      8.00000000e+00      4.80000000e+01      1.00841850e+01      1.36863820e+01 
6.8000e+01      1.31051310e+01      7.00000000e+00      4.40000000e+01      1.00712570e+01      1.40032570e+01 
6.9000e+01      1.22238950e+01      7.00000000e+00      4.20000000e+01      1.01489600e+01      1.40433730e+01 
7.0000e+01      1.13794220e+01      6.00000000e+00      4.20000000e+01      1.02888630e+01      1.43064640e+01 
7.1000e+01      1.05988020e+01      5.00000000e+00      3.90000000e+01      1.02767840e+01      1.42298220e+01 
7.2000e+01      9.85677220e+00      5.00000000e+00      3.80000000e+01      1.05405690e+01      1.43628880e+01 
7.3000e+01      9.14445330e+00      3.00000000e+00      3.50000000e+01      1.04082770e+01      1.45633230e+01 
7.4000e+01      8.47441550e+00      3.00000000e+00      3.30000000e+01      1.06028050e+01      1.49709880e+01 
7.5000e+01      7.84703930e+00      2.00000000e+00      3.20000000e+01      1.05713570e+01      1.47355240e+01 
7.6000e+01      7.25413880e+00      2.00000000e+00      3.10000000e+01      1.05942460e+01      1.57778050e+01 
7.7000e+01      6.69219700e+00      2.00000000e+00      2.80000000e+01      1.05037830e+01      1.56612740e+01 
7.8000e+01      6.16405730e+00      2.00000000e+00      3.10000000e+01      1.08179570e+01      1.80218560e+01 
7.9000e+01      5.67172960e+00      2.00000000e+00      2.90000000e+01      1.06436120e+01      1.60450990e+01 
8.0000e+01      5.19505960e+00      2.00000000e+00      2.50000000e+01      1.08774590e+01      1.58205940e+01 
8.1000e+01      4.76172150e+00      2.00000000e+00      2.30000000e+01      1.11217750e+01      1.63957970e+01 
8.2000e+01      4.35517100e+00      2.00000000e+00      2.30000000e+01      1.10762770e+01      1.66706260e+01 
8.3000e+01      3.97728940e+00      2.00000000e+00      2.40000000e+01      1.12115290e+01      1.71503800e+01 
8.4000e+01      3.62249790e+00      2.00000000e+00      2.10000000e+01      1.11861500e+01      1.68966910e+01 
8.5000e+01      3.29563750e+00      2.00000000e+00      1.90000000e+01      1.11805620e+01      1.66051600e+01 
8.6000e+01      2.98201890e+00      2.00000000e+00      1.80000000e+01      1.10484780e+01      1.72623440e+01 
8.7000e+01      2.69346050e+00      2.00000000e+00      1.60000000e+01      1.13658780e+01      1.71852920e+01 
8.8000e+01      2.42250180e+00      2.00000000e+00      1.70000000e+01      1.12039470e+01      1.76507750e+01 
8.9000e+01      2.17356570e+00      2.00000000e+00      1.70000000e+01      1.12503180e+01      1.75132430e+01 
9.0000e+01      1.93956020e+00      2.00000000e+00      1.30000000e+01      1.13647390e+01      1.77556530e+01 
9.1000e+01      1.72221270e+00      2.00000000e+00      1.50000000e+01      1.14788160e+01      1.86993150e+01 
9.2000e+01      1.51526230e+00      2.00000000e+00      1.30000000e+01      1.17425600e+01      1.78985080e+01 
9.3000e+01      1.32282240e+00      2.00000000e+00      1.20000000e+01      1.16608450e+01      1.76716430e+01 
9.4000e+01      1.13921230e+00      2.00000000e+00      1.00000000e+01      1.15189420e+01      1.75465780e+01 
9.5000e+01      9.65658050e-01      2.00000000e+00      1.00000000e+01      1.17191040e+01      1.73778850e+01 
9.6000e+01      7.97361850e-01      2.00000000e+00      9.00000000e+00      1.16307550e+01      1.76997080e+01 
9.7000e+01      6.29412990e-01      2.00000000e+00      9.00000000e+00      1.17192270e+01      1.75429700e+01 
9.8000e+01      4.60164350e-01      2.00000000e+00      8.00000000e+00      1.14024050e+01      1.75245180e+01 
9.9000e+01      2.79003550e-01      2.00000000e+00      7.00000000e+00      1.17978900e+01      1.82392700e+01 
1.0000e+02      2.93644800e-03      2.00000000e+00      6.00000000e+00      1.16274470e+01      1.78863910e+01 
