#centrality dS/dy Npart_min Npart_max b_min(fm) b_max(fm)
0.0000e+00      1.00000000e+06      5.00000000e+02      5.00000000e+02      0.00000000e+00      0.00000000e+00 
1.0000e-01      7.65366000e+01      9.10000000e+01      1.52000000e+02      4.74034860e-02      3.89759860e+00 
2.0000e-01      7.36930630e+01      9.10000000e+01      1.46000000e+02      7.16622600e-02      4.27380420e+00 
3.0000e-01      7.19504910e+01      9.20000000e+01      1.51000000e+02      1.49969260e-02      4.33844510e+00 
4.0000e-01      7.06553980e+01      8.10000000e+01      1.46000000e+02      1.91753630e-02      4.35721490e+00 
5.0000e-01      6.95905190e+01      8.70000000e+01      1.46000000e+02      7.42787470e-02      4.33847470e+00 
6.0000e-01      6.87099090e+01      8.40000000e+01      1.46000000e+02      1.13502640e-01      4.90456700e+00 
7.0000e-01      6.78871440e+01      8.30000000e+01      1.46000000e+02      9.55631040e-02      4.73076300e+00 
8.0000e-01      6.71676370e+01      8.50000000e+01      1.43000000e+02      2.61583990e-02      4.72507570e+00 
9.0000e-01      6.65670900e+01      8.40000000e+01      1.48000000e+02      9.62079310e-02      4.37731090e+00 
1.0000e+00      6.59915510e+01      7.60000000e+01      1.44000000e+02      4.74034860e-02      5.05767520e+00 
2.0000e+00      6.19094970e+01      7.10000000e+01      1.47000000e+02      1.40941700e-02      5.62292530e+00 
3.0000e+00      5.91902840e+01      6.80000000e+01      1.50000000e+02      1.14433650e-02      5.81207600e+00 
4.0000e+00      5.70332640e+01      6.50000000e+01      1.44000000e+02      2.45710210e-02      5.75076290e+00 
5.0000e+00      5.51974140e+01      6.60000000e+01      1.44000000e+02      7.14900100e-02      5.97426420e+00 
6.0000e+00      5.35424600e+01      5.40000000e+01      1.40000000e+02      5.22178010e-02      6.24679900e+00 
7.0000e+00      5.20401490e+01      6.00000000e+01      1.39000000e+02      6.14093290e-02      6.13925610e+00 
8.0000e+00      5.06199420e+01      4.90000000e+01      1.38000000e+02      1.14433650e-02      6.42502330e+00 
9.0000e+00      4.92680990e+01      4.90000000e+01      1.34000000e+02      6.27328170e-02      6.36571890e+00 
1.0000e+01      4.79848070e+01      4.70000000e+01      1.34000000e+02      2.61583990e-02      6.99783520e+00 
1.1000e+01      4.67729410e+01      5.20000000e+01      1.34000000e+02      8.14314610e-02      6.69023210e+00 
1.2000e+01      4.55783900e+01      4.80000000e+01      1.34000000e+02      2.53878020e-02      6.80641920e+00 
1.3000e+01      4.44238490e+01      4.70000000e+01      1.38000000e+02      1.50754030e-01      6.69024800e+00 
1.4000e+01      4.33002770e+01      3.80000000e+01      1.32000000e+02      9.18092880e-02      7.00029870e+00 
1.5000e+01      4.21822670e+01      4.20000000e+01      1.29000000e+02      1.67290260e-01      7.01188430e+00 
1.6000e+01      4.11143780e+01      4.20000000e+01      1.31000000e+02      1.37324270e-01      7.03942550e+00 
1.7000e+01      4.00386420e+01      3.00000000e+01      1.29000000e+02      2.39450880e-01      8.05972060e+00 
1.8000e+01      3.89793840e+01      4.00000000e+01      1.23000000e+02      1.19015240e-01      7.49316370e+00 
1.9000e+01      3.79447910e+01      4.10000000e+01      1.20000000e+02      1.85778380e-01      7.43577100e+00 
2.0000e+01      3.69211580e+01      3.60000000e+01      1.22000000e+02      1.02854890e-01      7.82488420e+00 
2.1000e+01      3.59117940e+01      3.40000000e+01      1.22000000e+02      3.70869190e-01      7.64158930e+00 
2.2000e+01      3.49128630e+01      3.30000000e+01      1.15000000e+02      4.22227940e-01      7.60118390e+00 
2.3000e+01      3.39278790e+01      3.10000000e+01      1.13000000e+02      8.16014780e-01      7.68663350e+00 
2.4000e+01      3.29586870e+01      3.40000000e+01      1.09000000e+02      5.67249610e-01      8.06063280e+00 
2.5000e+01      3.20084990e+01      2.80000000e+01      1.07000000e+02      1.80008520e+00      8.26247980e+00 
2.6000e+01      3.10761990e+01      2.40000000e+01      1.11000000e+02      1.73268010e+00      8.83079560e+00 
2.7000e+01      3.01413080e+01      2.80000000e+01      1.08000000e+02      1.73613590e+00      8.44273020e+00 
2.8000e+01      2.92326010e+01      2.70000000e+01      1.06000000e+02      2.24829440e+00      8.68068210e+00 
2.9000e+01      2.83552630e+01      2.50000000e+01      1.02000000e+02      1.43831660e+00      8.37237410e+00 
3.0000e+01      2.74711560e+01      2.50000000e+01      1.00000000e+02      2.57963950e+00      8.69564790e+00 
3.1000e+01      2.66235580e+01      2.10000000e+01      1.01000000e+02      1.78163790e+00      8.66106110e+00 
3.2000e+01      2.57637810e+01      2.00000000e+01      1.02000000e+02      2.76920070e+00      9.24009140e+00 
3.3000e+01      2.49345550e+01      1.60000000e+01      1.00000000e+02      3.07165190e+00      9.25471220e+00 
3.4000e+01      2.41235690e+01      1.80000000e+01      9.00000000e+01      3.82421120e+00      8.85097180e+00 
3.5000e+01      2.33334220e+01      1.90000000e+01      8.80000000e+01      3.51064200e+00      8.78499240e+00 
3.6000e+01      2.25540700e+01      1.70000000e+01      9.00000000e+01      3.39387580e+00      9.14545230e+00 
3.7000e+01      2.17927390e+01      1.40000000e+01      8.10000000e+01      3.79626540e+00      9.41751970e+00 
3.8000e+01      2.10420610e+01      1.20000000e+01      8.10000000e+01      3.62012860e+00      9.34176820e+00 
3.9000e+01      2.03152560e+01      1.10000000e+01      7.70000000e+01      4.29894570e+00      9.32353190e+00 
4.0000e+01      1.96091130e+01      1.20000000e+01      8.30000000e+01      4.24987380e+00      9.50126170e+00 
4.1000e+01      1.89149690e+01      9.00000000e+00      7.70000000e+01      4.48137720e+00      1.02558870e+01 
4.2000e+01      1.82385680e+01      6.00000000e+00      7.40000000e+01      4.25870200e+00      9.80761120e+00 
4.3000e+01      1.75835710e+01      1.00000000e+01      7.40000000e+01      4.73673570e+00      9.89247230e+00 
4.4000e+01      1.69372570e+01      1.00000000e+01      7.10000000e+01      4.90086460e+00      9.89786780e+00 
4.5000e+01      1.63007010e+01      9.00000000e+00      6.70000000e+01      4.86065080e+00      1.10213600e+01 
4.6000e+01      1.56733380e+01      9.00000000e+00      6.80000000e+01      5.16859280e+00      1.01619220e+01 
4.7000e+01      1.50777350e+01      8.00000000e+00      6.20000000e+01      5.11831330e+00      1.01123160e+01 
4.8000e+01      1.44908070e+01      5.00000000e+00      6.20000000e+01      5.18874370e+00      1.04877800e+01 
4.9000e+01      1.39130790e+01      7.00000000e+00      6.10000000e+01      5.35900480e+00      1.02500130e+01 
5.0000e+01      1.33468410e+01      6.00000000e+00      5.60000000e+01      5.42448030e+00      1.08118110e+01 
5.1000e+01      1.28072730e+01      5.00000000e+00      5.80000000e+01      5.10282550e+00      1.06950060e+01 
5.2000e+01      1.22834970e+01      6.00000000e+00      6.40000000e+01      5.69781920e+00      1.09914650e+01 
5.3000e+01      1.17687360e+01      2.00000000e+00      5.30000000e+01      5.90234540e+00      1.11561200e+01 
5.4000e+01      1.12696200e+01      3.00000000e+00      5.60000000e+01      5.33344570e+00      1.07426410e+01 
5.5000e+01      1.07918170e+01      3.00000000e+00      4.70000000e+01      6.09573650e+00      1.07435000e+01 
5.6000e+01      1.03243620e+01      2.00000000e+00      5.10000000e+01      5.70964480e+00      1.19095050e+01 
5.7000e+01      9.87455180e+00      2.00000000e+00      5.00000000e+01      5.97644540e+00      1.20299960e+01 
5.8000e+01      9.43094760e+00      2.00000000e+00      4.30000000e+01      6.28766470e+00      1.12423630e+01 
5.9000e+01      9.00269060e+00      2.00000000e+00      4.30000000e+01      5.98850450e+00      1.16714060e+01 
6.0000e+01      8.58784490e+00      3.00000000e+00      4.20000000e+01      6.61074910e+00      1.19395270e+01 
6.1000e+01      8.17999280e+00      2.00000000e+00      4.50000000e+01      6.33690230e+00      1.19275920e+01 
6.2000e+01      7.79410790e+00      2.00000000e+00      4.20000000e+01      6.33866860e+00      1.23290050e+01 
6.3000e+01      7.41746950e+00      2.00000000e+00      3.90000000e+01      6.35204400e+00      1.29730220e+01 
6.4000e+01      7.05673730e+00      2.00000000e+00      4.00000000e+01      6.57082780e+00      1.24923210e+01 
6.5000e+01      6.70826410e+00      2.00000000e+00      3.60000000e+01      6.69859920e+00      1.38245770e+01 
6.6000e+01      6.36434860e+00      2.00000000e+00      3.80000000e+01      6.13286550e+00      1.26859780e+01 
6.7000e+01      6.04398240e+00      2.00000000e+00      3.80000000e+01      6.96607570e+00      1.46233330e+01 
6.8000e+01      5.73158070e+00      2.00000000e+00      3.50000000e+01      6.79841720e+00      1.37419780e+01 
6.9000e+01      5.42916700e+00      2.00000000e+00      3.60000000e+01      6.98436730e+00      1.31949400e+01 
7.0000e+01      5.13394780e+00      2.00000000e+00      3.20000000e+01      7.09123410e+00      1.30590530e+01 
7.1000e+01      4.85114530e+00      2.00000000e+00      2.80000000e+01      7.10441740e+00      1.29600570e+01 
7.2000e+01      4.58077270e+00      2.00000000e+00      2.90000000e+01      6.86298630e+00      1.33666200e+01 
7.3000e+01      4.32290810e+00      2.00000000e+00      3.00000000e+01      6.99152490e+00      1.30883430e+01 
7.4000e+01      4.07588600e+00      2.00000000e+00      2.50000000e+01      7.11814530e+00      1.34515740e+01 
7.5000e+01      3.83795510e+00      2.00000000e+00      2.70000000e+01      7.46771700e+00      1.37251620e+01 
7.6000e+01      3.60052730e+00      2.00000000e+00      2.40000000e+01      7.36353560e+00      1.38744750e+01 
7.7000e+01      3.37581260e+00      2.00000000e+00      2.50000000e+01      7.09577770e+00      1.37275830e+01 
7.8000e+01      3.16280300e+00      2.00000000e+00      2.30000000e+01      7.39654210e+00      1.33639140e+01 
7.9000e+01      2.95981320e+00      2.00000000e+00      2.70000000e+01      7.41373630e+00      1.37588590e+01 
8.0000e+01      2.76444130e+00      2.00000000e+00      2.00000000e+01      7.49625790e+00      1.43685840e+01 
8.1000e+01      2.57948230e+00      2.00000000e+00      2.30000000e+01      7.73381250e+00      1.41267020e+01 
8.2000e+01      2.39912260e+00      2.00000000e+00      2.20000000e+01      7.52818260e+00      1.47117420e+01 
8.3000e+01      2.22287090e+00      2.00000000e+00      2.10000000e+01      7.67688300e+00      1.43454740e+01 
8.4000e+01      2.05636760e+00      2.00000000e+00      1.70000000e+01      7.68766990e+00      1.39331030e+01 
8.5000e+01      1.89514150e+00      2.00000000e+00      1.70000000e+01      7.61701230e+00      1.45603260e+01 
8.6000e+01      1.73899150e+00      2.00000000e+00      2.00000000e+01      7.13921590e+00      1.41978700e+01 
8.7000e+01      1.59136370e+00      2.00000000e+00      1.60000000e+01      7.87842090e+00      1.39891900e+01 
8.8000e+01      1.44734540e+00      2.00000000e+00      1.70000000e+01      7.76270210e+00      1.43344260e+01 
8.9000e+01      1.31027680e+00      2.00000000e+00      1.60000000e+01      7.69604040e+00      1.46801630e+01 
9.0000e+01      1.17886270e+00      2.00000000e+00      1.40000000e+01      7.91558020e+00      1.50276920e+01 
9.1000e+01      1.04996870e+00      2.00000000e+00      1.40000000e+01      8.08029780e+00      1.46581830e+01 
9.2000e+01      9.26646760e-01      2.00000000e+00      1.30000000e+01      8.00817360e+00      1.47028060e+01 
9.3000e+01      8.05084860e-01      2.00000000e+00      1.10000000e+01      7.94628150e+00      1.47580000e+01 
9.4000e+01      6.86548460e-01      2.00000000e+00      1.20000000e+01      8.22711540e+00      1.41677450e+01 
9.5000e+01      5.70893960e-01      2.00000000e+00      1.00000000e+01      8.09961420e+00      1.44792210e+01 
9.6000e+01      4.60239200e-01      2.00000000e+00      1.10000000e+01      8.28760020e+00      1.44827920e+01 
9.7000e+01      3.51094650e-01      2.00000000e+00      1.00000000e+01      8.04666570e+00      1.42878700e+01 
9.8000e+01      2.40637560e-01      2.00000000e+00      9.00000000e+00      8.08713140e+00      1.43319090e+01 
9.9000e+01      1.28998160e-01      2.00000000e+00      7.00000000e+00      8.23307480e+00      1.44134920e+01 
1.0000e+02      3.59477480e-05      2.00000000e+00      7.00000000e+00      7.92596610e+00      1.50276920e+01 
