#centrality dS/dy Npart_min Npart_max b_min(fm) b_max(fm)
0.0000e+00      1.00000000e+06      5.00000000e+02      5.00000000e+02      0.00000000e+00      0.00000000e+00 
1.0000e-01      1.49036370e+01      8.00000000e+00      2.80000000e+01      7.27102010e-02      6.93417370e+00 
2.0000e-01      1.39053150e+01      5.00000000e+00      2.70000000e+01      9.55612980e-02      6.60155870e+00 
3.0000e-01      1.32968230e+01      7.00000000e+00      2.50000000e+01      1.03276080e-01      8.76251040e+00 
4.0000e-01      1.28614020e+01      4.00000000e+00      2.70000000e+01      4.95287470e-02      6.62872210e+00 
5.0000e-01      1.25272590e+01      6.00000000e+00      2.50000000e+01      1.13891240e-01      8.02344630e+00 
6.0000e-01      1.22539050e+01      6.00000000e+00      2.50000000e+01      7.15080290e-02      6.09154950e+00 
7.0000e-01      1.20185470e+01      6.00000000e+00      2.50000000e+01      1.04931520e-01      9.04429270e+00 
8.0000e-01      1.18112680e+01      6.00000000e+00      2.50000000e+01      3.37487540e-02      7.91154860e+00 
9.0000e-01      1.16288570e+01      5.00000000e+00      2.60000000e+01      7.45786130e-02      7.41823270e+00 
1.0000e+00      1.14669490e+01      5.00000000e+00      2.40000000e+01      1.95714790e-01      7.60852010e+00 
2.0000e+00      1.03235230e+01      3.00000000e+00      2.60000000e+01      2.79368580e-02      8.59357730e+00 
3.0000e+00      9.62470670e+00      3.00000000e+00      2.60000000e+01      9.89112220e-03      1.04359700e+01 
4.0000e+00      9.10614630e+00      3.00000000e+00      2.60000000e+01      3.26328320e-02      1.38378860e+01 
5.0000e+00      8.68591950e+00      2.00000000e+00      2.50000000e+01      1.45749900e-02      1.21107300e+01 
6.0000e+00      8.33293960e+00      2.00000000e+00      2.50000000e+01      2.75512380e-02      1.01561340e+01 
7.0000e+00      8.03010980e+00      2.00000000e+00      2.50000000e+01      3.24495590e-02      1.00115740e+01 
8.0000e+00      7.76482520e+00      2.00000000e+00      2.30000000e+01      3.60681460e-02      1.02812970e+01 
9.0000e+00      7.52206340e+00      2.00000000e+00      2.30000000e+01      1.98524920e-02      1.01013420e+01 
1.0000e+01      7.30475960e+00      2.00000000e+00      2.40000000e+01      4.96871320e-02      1.11740910e+01 
1.1000e+01      7.10047790e+00      2.00000000e+00      2.30000000e+01      1.92869940e-02      9.63445980e+00 
1.2000e+01      6.91527400e+00      2.00000000e+00      2.40000000e+01      1.48696210e-02      1.01139180e+01 
1.3000e+01      6.74147950e+00      2.00000000e+00      2.30000000e+01      3.71570710e-02      1.28206310e+01 
1.4000e+01      6.57879880e+00      2.00000000e+00      2.20000000e+01      2.84899550e-02      1.11814040e+01 
1.5000e+01      6.42297450e+00      2.00000000e+00      2.10000000e+01      2.05320660e-02      1.14555510e+01 
1.6000e+01      6.27416490e+00      2.00000000e+00      2.30000000e+01      2.19038660e-02      1.06484750e+01 
1.7000e+01      6.13345910e+00      2.00000000e+00      2.40000000e+01      3.12466980e-02      1.13799360e+01 
1.8000e+01      6.00004250e+00      2.00000000e+00      2.20000000e+01      6.64349200e-02      1.06377120e+01 
1.9000e+01      5.86959400e+00      2.00000000e+00      2.40000000e+01      2.85752720e-02      1.11384880e+01 
2.0000e+01      5.74478600e+00      2.00000000e+00      2.20000000e+01      3.65637220e-02      1.22990000e+01 
2.1000e+01      5.62386350e+00      2.00000000e+00      2.20000000e+01      6.22101770e-02      1.28487150e+01 
2.2000e+01      5.50791850e+00      2.00000000e+00      2.20000000e+01      9.91833420e-02      1.05078540e+01 
2.3000e+01      5.39482600e+00      2.00000000e+00      2.30000000e+01      8.70514450e-02      1.19104190e+01 
2.4000e+01      5.28478520e+00      2.00000000e+00      2.10000000e+01      2.33770280e-02      1.37568430e+01 
2.5000e+01      5.17858650e+00      2.00000000e+00      2.20000000e+01      4.86543280e-02      1.07104110e+01 
2.6000e+01      5.07487480e+00      2.00000000e+00      2.00000000e+01      4.69054660e-02      1.12728800e+01 
2.7000e+01      4.97509430e+00      2.00000000e+00      2.10000000e+01      9.06572830e-03      1.12241280e+01 
2.8000e+01      4.87712170e+00      2.00000000e+00      2.00000000e+01      7.54482160e-02      1.11117380e+01 
2.9000e+01      4.78219220e+00      2.00000000e+00      2.00000000e+01      8.82332760e-02      1.17817020e+01 
3.0000e+01      4.68781980e+00      2.00000000e+00      2.00000000e+01      8.23201020e-02      1.18550190e+01 
3.1000e+01      4.59602040e+00      2.00000000e+00      1.90000000e+01      1.70563250e-02      1.16735140e+01 
3.2000e+01      4.50644000e+00      2.00000000e+00      2.00000000e+01      1.05407200e-01      1.16652140e+01 
3.3000e+01      4.41841160e+00      2.00000000e+00      2.00000000e+01      9.89671620e-02      1.11625680e+01 
3.4000e+01      4.32985510e+00      2.00000000e+00      2.10000000e+01      8.42420550e-02      1.20811400e+01 
3.5000e+01      4.24490570e+00      2.00000000e+00      2.10000000e+01      2.02840310e-02      1.29206180e+01 
3.6000e+01      4.16227960e+00      2.00000000e+00      2.10000000e+01      8.06580800e-03      1.16239580e+01 
3.7000e+01      4.07891720e+00      2.00000000e+00      2.00000000e+01      2.63171520e-02      1.21614260e+01 
3.8000e+01      3.99796900e+00      2.00000000e+00      2.00000000e+01      5.39469960e-02      1.18549940e+01 
3.9000e+01      3.91944100e+00      2.00000000e+00      2.00000000e+01      4.35244740e-02      1.24506110e+01 
4.0000e+01      3.84047290e+00      2.00000000e+00      1.90000000e+01      1.33284390e-01      1.38285460e+01 
4.1000e+01      3.76348850e+00      2.00000000e+00      2.20000000e+01      4.14876040e-02      1.37828640e+01 
4.2000e+01      3.68721070e+00      2.00000000e+00      1.90000000e+01      9.66540140e-02      1.26501850e+01 
4.3000e+01      3.61173100e+00      2.00000000e+00      2.00000000e+01      5.16762750e-02      1.19242980e+01 
4.4000e+01      3.53742370e+00      2.00000000e+00      1.90000000e+01      9.24943930e-02      1.29039900e+01 
4.5000e+01      3.46314610e+00      2.00000000e+00      1.90000000e+01      6.44285960e-02      1.13862940e+01 
4.6000e+01      3.39005250e+00      2.00000000e+00      1.80000000e+01      4.37462020e-02      1.15008200e+01 
4.7000e+01      3.31721960e+00      2.00000000e+00      1.80000000e+01      1.69839260e-01      1.26115490e+01 
4.8000e+01      3.24519680e+00      2.00000000e+00      1.80000000e+01      9.73056210e-02      1.42212440e+01 
4.9000e+01      3.17470620e+00      2.00000000e+00      1.90000000e+01      6.37575120e-02      1.24579980e+01 
5.0000e+01      3.10586380e+00      2.00000000e+00      1.80000000e+01      1.15356230e-01      1.35548780e+01 
5.1000e+01      3.03694030e+00      2.00000000e+00      2.00000000e+01      1.05601910e-01      1.24452980e+01 
5.2000e+01      2.96855650e+00      2.00000000e+00      1.70000000e+01      6.69043770e-02      1.17227810e+01 
5.3000e+01      2.90012030e+00      2.00000000e+00      1.80000000e+01      1.12162870e-01      1.31884450e+01 
5.4000e+01      2.83187990e+00      2.00000000e+00      1.70000000e+01      2.88599440e-02      1.33114300e+01 
5.5000e+01      2.76460970e+00      2.00000000e+00      1.60000000e+01      6.52182980e-02      1.27032160e+01 
5.6000e+01      2.69816770e+00      2.00000000e+00      1.70000000e+01      1.76945830e-01      1.25816120e+01 
5.7000e+01      2.63166210e+00      2.00000000e+00      1.80000000e+01      6.95208320e-02      1.31559090e+01 
5.8000e+01      2.56758530e+00      2.00000000e+00      1.60000000e+01      1.19181790e-01      1.49897720e+01 
5.9000e+01      2.50299650e+00      2.00000000e+00      1.70000000e+01      1.09911590e-02      1.39434840e+01 
6.0000e+01      2.43865000e+00      2.00000000e+00      1.80000000e+01      7.62103030e-02      1.27063020e+01 
6.1000e+01      2.37534910e+00      2.00000000e+00      1.80000000e+01      1.45223610e-01      1.34672860e+01 
6.2000e+01      2.31190010e+00      2.00000000e+00      1.70000000e+01      1.05946150e-01      1.41398450e+01 
6.3000e+01      2.24838650e+00      2.00000000e+00      1.60000000e+01      1.42255810e-01      1.37533470e+01 
6.4000e+01      2.18549210e+00      2.00000000e+00      1.60000000e+01      7.10835750e-02      1.33102560e+01 
6.5000e+01      2.12413390e+00      2.00000000e+00      1.70000000e+01      3.28299280e-02      1.43842600e+01 
6.6000e+01      2.06156560e+00      2.00000000e+00      1.50000000e+01      2.16740520e-01      1.35546750e+01 
6.7000e+01      2.00111040e+00      2.00000000e+00      1.60000000e+01      1.18392480e-01      1.31711040e+01 
6.8000e+01      1.94016260e+00      2.00000000e+00      1.60000000e+01      2.35980680e-01      1.49608650e+01 
6.9000e+01      1.87892260e+00      2.00000000e+00      1.50000000e+01      1.18313980e-01      1.31559460e+01 
7.0000e+01      1.81866610e+00      2.00000000e+00      1.40000000e+01      2.59957730e-01      1.41182700e+01 
7.1000e+01      1.75920210e+00      2.00000000e+00      1.40000000e+01      2.06747920e-01      1.39555690e+01 
7.2000e+01      1.70103380e+00      2.00000000e+00      1.50000000e+01      1.16924900e-01      1.40837900e+01 
7.3000e+01      1.64242240e+00      2.00000000e+00      1.50000000e+01      1.01805070e-01      1.42367550e+01 
7.4000e+01      1.58319110e+00      2.00000000e+00      1.40000000e+01      3.59625340e-01      1.36307390e+01 
7.5000e+01      1.52557700e+00      2.00000000e+00      1.40000000e+01      2.37788120e-01      1.44828710e+01 
7.6000e+01      1.46747450e+00      2.00000000e+00      1.30000000e+01      6.39026080e-02      1.46836140e+01 
7.7000e+01      1.41016250e+00      2.00000000e+00      1.30000000e+01      9.64099000e-02      1.40851810e+01 
7.8000e+01      1.35227790e+00      2.00000000e+00      1.40000000e+01      4.09266110e-02      1.49658560e+01 
7.9000e+01      1.29478340e+00      2.00000000e+00      1.30000000e+01      2.41279360e-01      1.49892970e+01 
8.0000e+01      1.23794950e+00      2.00000000e+00      1.20000000e+01      2.32055530e-01      1.29117660e+01 
8.1000e+01      1.18083610e+00      2.00000000e+00      1.30000000e+01      1.12664040e-01      1.39202890e+01 
8.2000e+01      1.12491740e+00      2.00000000e+00      1.40000000e+01      4.31509980e-01      1.42186180e+01 
8.3000e+01      1.06942430e+00      2.00000000e+00      1.30000000e+01      6.77382460e-01      1.36087680e+01 
8.4000e+01      1.01370790e+00      2.00000000e+00      1.20000000e+01      3.87304950e-01      1.40212890e+01 
8.5000e+01      9.58812670e-01      2.00000000e+00      1.20000000e+01      6.67394640e-01      1.45489510e+01 
8.6000e+01      9.02800400e-01      2.00000000e+00      1.20000000e+01      4.35764270e-01      1.48442360e+01 
8.7000e+01      8.46678950e-01      2.00000000e+00      1.10000000e+01      3.36897120e-01      1.39509630e+01 
8.8000e+01      7.90988890e-01      2.00000000e+00      1.40000000e+01      7.67796830e-01      1.48120290e+01 
8.9000e+01      7.35060890e-01      2.00000000e+00      1.10000000e+01      6.87926750e-01      1.46619860e+01 
9.0000e+01      6.79718480e-01      2.00000000e+00      1.10000000e+01      8.08006980e-01      1.45546380e+01 
9.1000e+01      6.22712760e-01      2.00000000e+00      1.20000000e+01      1.12691150e+00      1.37122840e+01 
9.2000e+01      5.65764080e-01      2.00000000e+00      1.00000000e+01      9.21539720e-01      1.44588990e+01 
9.3000e+01      5.08375870e-01      2.00000000e+00      1.00000000e+01      1.07863420e+00      1.45932800e+01 
9.4000e+01      4.49180240e-01      2.00000000e+00      9.00000000e+00      5.32101490e-01      1.45716690e+01 
9.5000e+01      3.89520860e-01      2.00000000e+00      1.00000000e+01      8.60360330e-01      1.45232300e+01 
9.6000e+01      3.28104090e-01      2.00000000e+00      8.00000000e+00      1.15625950e+00      1.40923640e+01 
9.7000e+01      2.62922460e-01      2.00000000e+00      8.00000000e+00      1.19506280e+00      1.39641290e+01 
9.8000e+01      1.94562340e-01      2.00000000e+00      8.00000000e+00      1.94590610e+00      1.46365610e+01 
9.9000e+01      1.16768080e-01      2.00000000e+00      7.00000000e+00      7.55502040e-01      1.49279650e+01 
1.0000e+02      3.29999950e-04      2.00000000e+00      6.00000000e+00      5.64726500e-01      1.40896800e+01 
