#centrality Npart b_min(fm) b_max(fm)
0.0000e+00      5.00000000e+02      0.00000000e+00      0.00000000e+00 
1.0000e-01      4.62000000e+02      3.24893780e-02      1.87024560e+00 
2.0000e-01      4.59000000e+02      3.67711370e-02      1.83310990e+00 
3.0000e-01      4.57000000e+02      3.48374600e-02      2.09591730e+00 
4.0000e-01      4.55000000e+02      3.65017730e-02      2.15480310e+00 
5.0000e-01      4.53000000e+02      4.19765920e-02      2.35208310e+00 
6.0000e-01      4.51000000e+02      6.60647440e-02      2.39992910e+00 
7.0000e-01      4.50000000e+02      1.06498470e-01      2.39198410e+00 
8.0000e-01      4.48000000e+02      8.97872020e-02      2.51168630e+00 
9.0000e-01      4.47000000e+02      1.90593930e-01      2.47150280e+00 
1.0000e+00      4.45000000e+02      3.62999850e-02      2.48136580e+00 
2.0000e+00      4.31000000e+02      9.26711010e-02      3.24814730e+00 
3.0000e+00      4.17000000e+02      3.30306490e-01      3.77053150e+00 
4.0000e+00      4.04000000e+02      1.10116670e+00      4.03265460e+00 
5.0000e+00      3.91000000e+02      1.94782270e+00      4.44701400e+00 
6.0000e+00      3.79000000e+02      2.50483590e+00      4.84839240e+00 
7.0000e+00      3.67000000e+02      2.88493730e+00      5.15574290e+00 
8.0000e+00      3.55000000e+02      3.03383370e+00      5.60401280e+00 
9.0000e+00      3.44000000e+02      3.44232090e+00      5.71992970e+00 
1.0000e+01      3.33000000e+02      3.68809060e+00      6.09036650e+00 
1.1000e+01      3.23000000e+02      4.00867070e+00      6.34938780e+00 
1.2000e+01      3.13000000e+02      4.28767890e+00      6.73038040e+00 
1.3000e+01      3.03000000e+02      4.44575550e+00      6.86392160e+00 
1.4000e+01      2.93000000e+02      4.67073050e+00      6.98989730e+00 
1.5000e+01      2.84000000e+02      4.85852080e+00      7.22663030e+00 
1.6000e+01      2.75000000e+02      4.91570420e+00      7.50887650e+00 
1.7000e+01      2.67000000e+02      5.14996990e+00      7.73692950e+00 
1.8000e+01      2.58000000e+02      5.24233830e+00      7.98771560e+00 
1.9000e+01      2.50000000e+02      5.51233130e+00      8.13195480e+00 
2.0000e+01      2.42000000e+02      5.68176780e+00      8.23104970e+00 
2.1000e+01      2.34000000e+02      5.83975350e+00      8.40510510e+00 
2.2000e+01      2.26000000e+02      5.99847390e+00      8.76288960e+00 
2.3000e+01      2.19000000e+02      6.17168220e+00      9.12332700e+00 
2.4000e+01      2.12000000e+02      6.21576310e+00      9.04440670e+00 
2.5000e+01      2.05000000e+02      6.38121750e+00      9.46368720e+00 
2.6000e+01      1.98000000e+02      6.52773680e+00      9.45337940e+00 
2.7000e+01      1.92000000e+02      6.73805940e+00      9.63278980e+00 
2.8000e+01      1.85000000e+02      6.77560950e+00      9.69317450e+00 
2.9000e+01      1.79000000e+02      6.91631680e+00      9.91167680e+00 
3.0000e+01      1.73000000e+02      7.20908350e+00      1.02772660e+01 
3.1000e+01      1.67000000e+02      7.10466140e+00      1.02955290e+01 
3.2000e+01      1.61000000e+02      7.37691580e+00      1.04568410e+01 
3.3000e+01      1.55000000e+02      7.37534320e+00      1.08273810e+01 
3.4000e+01      1.50000000e+02      7.48611600e+00      1.08328020e+01 
3.5000e+01      1.44000000e+02      7.59940020e+00      1.10700040e+01 
3.6000e+01      1.39000000e+02      7.81863180e+00      1.12064980e+01 
3.7000e+01      1.34000000e+02      7.87800610e+00      1.13812660e+01 
3.8000e+01      1.29000000e+02      8.02024440e+00      1.14265470e+01 
3.9000e+01      1.24000000e+02      8.10275540e+00      1.16818840e+01 
4.0000e+01      1.20000000e+02      8.13780530e+00      1.17982020e+01 
4.1000e+01      1.15000000e+02      8.36020600e+00      1.22120520e+01 
4.2000e+01      1.10000000e+02      8.30145390e+00      1.21082690e+01 
4.3000e+01      1.06000000e+02      8.58455710e+00      1.22584340e+01 
4.4000e+01      1.02000000e+02      8.49234090e+00      1.22840640e+01 
4.5000e+01      9.80000000e+01      8.71171640e+00      1.27202020e+01 
4.6000e+01      9.40000000e+01      8.78687790e+00      1.25994070e+01 
4.7000e+01      9.00000000e+01      8.90582940e+00      1.26951660e+01 
4.8000e+01      8.60000000e+01      8.97351700e+00      1.30975460e+01 
4.9000e+01      8.20000000e+01      9.11350780e+00      1.28604410e+01 
5.0000e+01      7.90000000e+01      9.28380480e+00      1.31897210e+01 
5.1000e+01      7.50000000e+01      9.23298040e+00      1.33539820e+01 
5.2000e+01      7.20000000e+01      9.36980480e+00      1.34691500e+01 
5.3000e+01      6.80000000e+01      9.50065040e+00      1.38061550e+01 
5.4000e+01      6.50000000e+01      9.58100740e+00      1.37664700e+01 
5.5000e+01      6.20000000e+01      9.57712610e+00      1.37562840e+01 
5.6000e+01      5.90000000e+01      9.73840700e+00      1.41637910e+01 
5.7000e+01      5.60000000e+01      9.82932700e+00      1.42495680e+01 
5.8000e+01      5.30000000e+01      9.76721280e+00      1.42394640e+01 
5.9000e+01      5.10000000e+01      9.96040500e+00      1.43758390e+01 
6.0000e+01      4.80000000e+01      1.01262690e+01      1.47441690e+01 
6.1000e+01      4.50000000e+01      1.00607120e+01      1.51539120e+01 
6.2000e+01      4.30000000e+01      9.91304450e+00      1.48213480e+01 
6.3000e+01      4.10000000e+01      1.04454190e+01      1.49367390e+01 
6.4000e+01      3.80000000e+01      1.02604200e+01      1.51326290e+01 
6.5000e+01      3.60000000e+01      1.03600860e+01      1.55034710e+01 
6.6000e+01      3.40000000e+01      1.06029960e+01      1.55107680e+01 
6.7000e+01      3.20000000e+01      1.06652450e+01      1.56864630e+01 
6.8000e+01      3.00000000e+01      1.06171950e+01      1.54427140e+01 
6.9000e+01      2.80000000e+01      1.07042850e+01      1.59112060e+01 
7.0000e+01      2.60000000e+01      1.08212630e+01      1.57450880e+01 
7.1000e+01      2.50000000e+01      1.09663920e+01      1.57622710e+01 
7.2000e+01      2.30000000e+01      1.09911640e+01      1.62998810e+01 
7.3000e+01      2.10000000e+01      1.10328920e+01      1.64291640e+01 
7.4000e+01      2.00000000e+01      1.11726750e+01      1.66039650e+01 
7.5000e+01      1.80000000e+01      1.09726610e+01      1.62782300e+01 
7.6000e+01      1.70000000e+01      1.14612900e+01      1.64266750e+01 
7.7000e+01      1.60000000e+01      1.14041490e+01      1.66515640e+01 
7.8000e+01      1.50000000e+01      1.11877040e+01      1.67312010e+01 
7.9000e+01      1.30000000e+01      1.14784760e+01      1.68774260e+01 
8.0000e+01      1.20000000e+01      1.12472510e+01      1.70526000e+01 
8.1000e+01      1.10000000e+01      1.17628340e+01      1.70992080e+01 
8.2000e+01      1.00000000e+01      1.15425560e+01      1.70689160e+01 
8.3000e+01      9.00000000e+00      1.17836550e+01      1.72328230e+01 
8.4000e+01      9.00000000e+00      1.15132390e+01      1.74380130e+01 
8.5000e+01      8.00000000e+00      1.19016480e+01      1.74522860e+01 
8.6000e+01      7.00000000e+00      1.18879340e+01      1.78008330e+01 
8.7000e+01      6.00000000e+00      1.18145260e+01      1.81436870e+01 
8.8000e+01      6.00000000e+00      1.20746330e+01      1.82243170e+01 
8.9000e+01      5.00000000e+00      1.20072140e+01      1.82675620e+01 
9.0000e+01      5.00000000e+00      1.19809070e+01      1.81624100e+01 
9.1000e+01      4.00000000e+00      1.21164430e+01      1.82574990e+01 
9.2000e+01      4.00000000e+00      1.20705900e+01      1.86655990e+01 
9.3000e+01      3.00000000e+00      1.21599910e+01      1.87218220e+01 
9.4000e+01      3.00000000e+00      1.19042020e+01      1.90659670e+01 
9.5000e+01      2.00000000e+00      1.22835570e+01      1.93372200e+01 
9.6000e+01      2.00000000e+00      1.21979250e+01      1.90787320e+01 
9.7000e+01      2.00000000e+00      1.24444010e+01      1.92717920e+01 
9.8000e+01      2.00000000e+00      1.24553170e+01      1.95382840e+01 
9.9000e+01      2.00000000e+00      1.24128880e+01      1.93718750e+01 
1.0000e+02      2.00000000e+00      1.23801240e+01      1.92889860e+01 
