#centrality dS/dy Npart_min Npart_max b_min(fm) b_max(fm)
0.0000e+00      1.00000000e+06      5.00000000e+02      5.00000000e+02      0.00000000e+00      0.00000000e+00 
1.0000e-01      2.15176710e+01      2.00000000e+01      4.30000000e+01      5.37573890e-02      4.98998050e+00 
2.0000e-01      2.02960130e+01      1.40000000e+01      4.50000000e+01      8.54523540e-02      5.78618410e+00 
3.0000e-01      1.95975010e+01      1.70000000e+01      4.20000000e+01      4.84221230e-02      5.72591720e+00 
4.0000e-01      1.90674340e+01      1.50000000e+01      4.50000000e+01      1.41416010e-01      5.53747850e+00 
5.0000e-01      1.86285880e+01      1.60000000e+01      3.90000000e+01      9.36717960e-02      5.63977520e+00 
6.0000e-01      1.82667890e+01      1.10000000e+01      4.20000000e+01      1.50885080e-01      5.78663700e+00 
7.0000e-01      1.79608830e+01      1.40000000e+01      4.00000000e+01      9.32956790e-02      6.15266120e+00 
8.0000e-01      1.76941930e+01      1.50000000e+01      4.10000000e+01      6.59367980e-02      5.70201910e+00 
9.0000e-01      1.74522870e+01      1.00000000e+01      4.00000000e+01      7.98295170e-02      5.54699860e+00 
1.0000e+00      1.72281040e+01      1.40000000e+01      4.20000000e+01      1.17029000e-01      5.61447420e+00 
2.0000e+00      1.57461680e+01      9.00000000e+00      4.40000000e+01      2.24619030e-02      6.79407080e+00 
3.0000e+00      1.47954820e+01      9.00000000e+00      4.20000000e+01      2.07893250e-02      7.98820730e+00 
4.0000e+00      1.40920290e+01      9.00000000e+00      4.00000000e+01      2.13009330e-02      8.12803750e+00 
5.0000e+00      1.35216420e+01      7.00000000e+00      4.00000000e+01      1.94063960e-02      7.29629830e+00 
6.0000e+00      1.30351800e+01      5.00000000e+00      4.10000000e+01      1.99603180e-02      8.41048270e+00 
7.0000e+00      1.26121590e+01      8.00000000e+00      3.90000000e+01      5.49015470e-02      7.15969890e+00 
8.0000e+00      1.22298080e+01      6.00000000e+00      3.90000000e+01      3.29779500e-02      7.62648830e+00 
9.0000e+00      1.18786640e+01      8.00000000e+00      3.90000000e+01      4.60536090e-02      9.89257880e+00 
1.0000e+01      1.15597880e+01      7.00000000e+00      3.80000000e+01      2.76044590e-02      8.36890380e+00 
1.1000e+01      1.12610600e+01      5.00000000e+00      3.90000000e+01      3.22086310e-02      8.62534280e+00 
1.2000e+01      1.09769710e+01      4.00000000e+00      3.80000000e+01      6.53959500e-02      9.46718220e+00 
1.3000e+01      1.07157720e+01      6.00000000e+00      3.60000000e+01      5.71778820e-02      8.48977470e+00 
1.4000e+01      1.04648040e+01      6.00000000e+00      3.70000000e+01      4.89066350e-02      8.79135820e+00 
1.5000e+01      1.02255970e+01      6.00000000e+00      3.50000000e+01      4.17296550e-02      8.42814420e+00 
1.6000e+01      9.99323790e+00      4.00000000e+00      3.50000000e+01      3.86684970e-02      8.65033550e+00 
1.7000e+01      9.76865910e+00      6.00000000e+00      3.30000000e+01      2.88708790e-02      8.90518330e+00 
1.8000e+01      9.55257040e+00      4.00000000e+00      3.40000000e+01      7.66656800e-02      9.70005790e+00 
1.9000e+01      9.34019080e+00      4.00000000e+00      3.30000000e+01      1.50763170e-01      9.55466510e+00 
2.0000e+01      9.13720210e+00      5.00000000e+00      3.40000000e+01      1.10578240e-01      9.71762020e+00 
2.1000e+01      8.94154540e+00      4.00000000e+00      3.40000000e+01      4.10861130e-02      9.06674620e+00 
2.2000e+01      8.74923860e+00      4.00000000e+00      3.10000000e+01      9.18070770e-02      1.01925470e+01 
2.3000e+01      8.56329120e+00      4.00000000e+00      3.40000000e+01      6.15026060e-02      8.62145940e+00 
2.4000e+01      8.37764410e+00      4.00000000e+00      3.10000000e+01      1.16568200e-02      1.00986990e+01 
2.5000e+01      8.19650940e+00      4.00000000e+00      3.30000000e+01      8.47912710e-02      9.41863030e+00 
2.6000e+01      8.02133720e+00      2.00000000e+00      3.00000000e+01      1.01035880e-01      1.09516930e+01 
2.7000e+01      7.84717950e+00      4.00000000e+00      3.10000000e+01      4.86837360e-02      9.71244950e+00 
2.8000e+01      7.67682900e+00      2.00000000e+00      3.40000000e+01      5.96922990e-02      1.25350270e+01 
2.9000e+01      7.50807960e+00      2.00000000e+00      3.10000000e+01      1.16577640e-01      1.08969990e+01 
3.0000e+01      7.34435630e+00      2.00000000e+00      3.30000000e+01      7.03638370e-02      9.71485220e+00 
3.1000e+01      7.18322690e+00      2.00000000e+00      3.00000000e+01      7.21552890e-03      1.02086500e+01 
3.2000e+01      7.02204120e+00      2.00000000e+00      2.90000000e+01      7.26344250e-02      1.22950600e+01 
3.3000e+01      6.86382130e+00      2.00000000e+00      2.80000000e+01      9.87802960e-02      1.02930320e+01 
3.4000e+01      6.70633840e+00      2.00000000e+00      3.00000000e+01      1.54719070e-01      1.22695660e+01 
3.5000e+01      6.55289760e+00      2.00000000e+00      2.90000000e+01      9.62672780e-03      1.11082920e+01 
3.6000e+01      6.40286380e+00      2.00000000e+00      2.90000000e+01      7.20081400e-02      1.22404610e+01 
3.7000e+01      6.25261740e+00      2.00000000e+00      3.10000000e+01      2.53602220e-01      1.11135950e+01 
3.8000e+01      6.10424780e+00      2.00000000e+00      2.90000000e+01      1.78820490e-01      1.06341120e+01 
3.9000e+01      5.95903850e+00      2.00000000e+00      2.70000000e+01      1.42713090e-01      1.15280560e+01 
4.0000e+01      5.81559970e+00      2.00000000e+00      2.90000000e+01      1.69630430e-01      9.73456480e+00 
4.1000e+01      5.67350270e+00      2.00000000e+00      2.70000000e+01      2.19632070e-01      1.12613480e+01 
4.2000e+01      5.53541100e+00      2.00000000e+00      2.80000000e+01      3.05565970e-01      1.11644160e+01 
4.3000e+01      5.39640950e+00      2.00000000e+00      2.70000000e+01      1.92913420e-01      1.14780910e+01 
4.4000e+01      5.25818150e+00      2.00000000e+00      2.60000000e+01      1.37617340e-01      1.18341230e+01 
4.5000e+01      5.12168580e+00      2.00000000e+00      2.50000000e+01      3.80411940e-02      1.19360180e+01 
4.6000e+01      4.98862320e+00      2.00000000e+00      2.40000000e+01      2.31827120e-01      1.12571510e+01 
4.7000e+01      4.85550530e+00      2.00000000e+00      2.50000000e+01      4.03315870e-01      1.30083020e+01 
4.8000e+01      4.72605300e+00      2.00000000e+00      2.50000000e+01      1.15075110e-01      1.26077360e+01 
4.9000e+01      4.59455350e+00      2.00000000e+00      2.40000000e+01      1.31714490e-01      1.26577030e+01 
5.0000e+01      4.46669830e+00      2.00000000e+00      2.50000000e+01      1.46581280e-01      1.26121300e+01 
5.1000e+01      4.34061880e+00      2.00000000e+00      2.50000000e+01      4.30885980e-01      1.27061610e+01 
5.2000e+01      4.21930280e+00      2.00000000e+00      2.60000000e+01      1.81853740e-01      1.15610260e+01 
5.3000e+01      4.09649530e+00      2.00000000e+00      2.30000000e+01      3.57643340e-01      1.24076440e+01 
5.4000e+01      3.97549340e+00      2.00000000e+00      2.30000000e+01      1.20834100e-01      1.23732710e+01 
5.5000e+01      3.85549880e+00      2.00000000e+00      2.40000000e+01      3.54221080e-01      1.18412460e+01 
5.6000e+01      3.73873660e+00      2.00000000e+00      2.20000000e+01      5.56466920e-01      1.28249280e+01 
5.7000e+01      3.62440630e+00      2.00000000e+00      2.00000000e+01      4.29035610e-01      1.26979500e+01 
5.8000e+01      3.51137660e+00      2.00000000e+00      2.20000000e+01      6.28833200e-01      1.31282600e+01 
5.9000e+01      3.40141810e+00      2.00000000e+00      2.00000000e+01      5.61003450e-01      1.25105890e+01 
6.0000e+01      3.29329060e+00      2.00000000e+00      2.30000000e+01      5.95594280e-01      1.32815370e+01 
6.1000e+01      3.18655100e+00      2.00000000e+00      1.90000000e+01      3.92668850e-01      1.31176150e+01 
6.2000e+01      3.08114660e+00      2.00000000e+00      2.10000000e+01      5.03568470e-01      1.34600920e+01 
6.3000e+01      2.97678030e+00      2.00000000e+00      1.90000000e+01      7.15686820e-01      1.23151440e+01 
6.4000e+01      2.87551650e+00      2.00000000e+00      1.90000000e+01      9.92097190e-01      1.33877450e+01 
6.5000e+01      2.77537430e+00      2.00000000e+00      1.90000000e+01      1.18368720e+00      1.36865260e+01 
6.6000e+01      2.67825770e+00      2.00000000e+00      1.70000000e+01      7.37563060e-01      1.33779410e+01 
6.7000e+01      2.58157420e+00      2.00000000e+00      1.80000000e+01      2.03752100e+00      1.56138370e+01 
6.8000e+01      2.48745350e+00      2.00000000e+00      1.70000000e+01      6.55548300e-01      1.32474090e+01 
6.9000e+01      2.39495370e+00      2.00000000e+00      1.70000000e+01      1.14091390e+00      1.35504020e+01 
7.0000e+01      2.30449830e+00      2.00000000e+00      1.70000000e+01      6.17608500e-01      1.35596350e+01 
7.1000e+01      2.21484670e+00      2.00000000e+00      1.60000000e+01      2.73135440e+00      1.35586720e+01 
7.2000e+01      2.12805350e+00      2.00000000e+00      1.50000000e+01      1.85026820e+00      1.30539660e+01 
7.3000e+01      2.04385680e+00      2.00000000e+00      1.50000000e+01      5.04600810e-01      1.45313520e+01 
7.4000e+01      1.95957850e+00      2.00000000e+00      1.50000000e+01      2.99334390e+00      1.63809150e+01 
7.5000e+01      1.87836210e+00      2.00000000e+00      1.60000000e+01      2.33828390e+00      1.47794490e+01 
7.6000e+01      1.79813500e+00      2.00000000e+00      1.50000000e+01      8.07121450e-01      1.37883270e+01 
7.7000e+01      1.71886580e+00      2.00000000e+00      1.50000000e+01      2.32448440e+00      1.47288620e+01 
7.8000e+01      1.64216810e+00      2.00000000e+00      1.40000000e+01      3.14157570e+00      1.41084290e+01 
7.9000e+01      1.56608130e+00      2.00000000e+00      1.60000000e+01      2.31798380e+00      1.35531300e+01 
8.0000e+01      1.49042680e+00      2.00000000e+00      1.30000000e+01      3.26835840e+00      1.46397600e+01 
8.1000e+01      1.41743980e+00      2.00000000e+00      1.40000000e+01      3.65496090e+00      1.44394200e+01 
8.2000e+01      1.34491190e+00      2.00000000e+00      1.30000000e+01      3.40186550e+00      1.46866920e+01 
8.3000e+01      1.27423050e+00      2.00000000e+00      1.20000000e+01      3.48717460e+00      1.44579380e+01 
8.4000e+01      1.20528010e+00      2.00000000e+00      1.20000000e+01      4.06982810e+00      1.63848850e+01 
8.5000e+01      1.13666270e+00      2.00000000e+00      1.20000000e+01      3.99195420e+00      1.42879860e+01 
8.6000e+01      1.06880990e+00      2.00000000e+00      1.10000000e+01      2.12325880e+00      1.44875050e+01 
8.7000e+01      1.00191940e+00      2.00000000e+00      1.20000000e+01      2.90707460e+00      1.58430220e+01 
8.8000e+01      9.36052360e-01      2.00000000e+00      1.20000000e+01      4.12709830e+00      1.70177990e+01 
8.9000e+01      8.70826140e-01      2.00000000e+00      1.00000000e+01      4.18508730e+00      1.39552350e+01 
9.0000e+01      8.06025160e-01      2.00000000e+00      1.10000000e+01      4.05873600e+00      1.53315090e+01 
9.1000e+01      7.40786640e-01      2.00000000e+00      1.10000000e+01      4.86451320e+00      1.38492990e+01 
9.2000e+01      6.75286370e-01      2.00000000e+00      1.00000000e+01      4.87519700e+00      1.48038450e+01 
9.3000e+01      6.09887380e-01      2.00000000e+00      9.00000000e+00      4.87948390e+00      1.46071170e+01 
9.4000e+01      5.43291160e-01      2.00000000e+00      9.00000000e+00      5.10861890e+00      1.39815590e+01 
9.5000e+01      4.74303230e-01      2.00000000e+00      8.00000000e+00      5.11207900e+00      1.61323190e+01 
9.6000e+01      4.04603270e-01      2.00000000e+00      7.00000000e+00      5.13031790e+00      1.37341230e+01 
9.7000e+01      3.30638390e-01      2.00000000e+00      7.00000000e+00      5.45214390e+00      1.48965540e+01 
9.8000e+01      2.51666260e-01      2.00000000e+00      7.00000000e+00      5.16093840e+00      1.50023970e+01 
9.9000e+01      1.60124250e-01      2.00000000e+00      7.00000000e+00      5.55583720e+00      1.49500240e+01 
1.0000e+02      1.40439720e-03      2.00000000e+00      5.00000000e+00      5.61092560e+00      1.44461980e+01 
