#centrality dS/dy Npart_min Npart_max b_min(fm) b_max(fm)
0.0000e+00      1.00000000e+06      5.00000000e+02      5.00000000e+02      0.00000000e+00      0.00000000e+00 
1.0000e-01      1.53294230e+01      7.00000000e+00      2.90000000e+01      7.39235440e-02      6.23835710e+00 
2.0000e-01      1.43172770e+01      7.00000000e+00      2.80000000e+01      9.01237600e-02      6.33757850e+00 
3.0000e-01      1.37613570e+01      6.00000000e+00      2.80000000e+01      1.59536670e-01      6.63277000e+00 
4.0000e-01      1.33060080e+01      4.00000000e+00      2.70000000e+01      4.52301130e-02      7.15259440e+00 
5.0000e-01      1.29554120e+01      8.00000000e+00      2.70000000e+01      9.56289120e-02      8.12322930e+00 
6.0000e-01      1.26715850e+01      7.00000000e+00      2.80000000e+01      1.03973820e-01      6.14023250e+00 
7.0000e-01      1.24224350e+01      7.00000000e+00      2.40000000e+01      1.32710730e-01      6.85592370e+00 
8.0000e-01      1.22098950e+01      6.00000000e+00      2.50000000e+01      1.35300000e-01      9.39886640e+00 
9.0000e-01      1.20227220e+01      6.00000000e+00      2.60000000e+01      1.03747500e-01      8.11042040e+00 
1.0000e+00      1.18395960e+01      5.00000000e+00      2.90000000e+01      1.20707810e-01      7.09885810e+00 
2.0000e+00      1.06815930e+01      4.00000000e+00      2.70000000e+01      1.67721300e-02      8.68835360e+00 
3.0000e+00      9.95220760e+00      2.00000000e+00      2.80000000e+01      5.16589280e-02      1.28277420e+01 
4.0000e+00      9.41697620e+00      3.00000000e+00      2.60000000e+01      3.91315710e-02      1.04314750e+01 
5.0000e+00      8.99159680e+00      3.00000000e+00      2.60000000e+01      3.88569030e-02      9.33369510e+00 
6.0000e+00      8.63422990e+00      2.00000000e+00      2.60000000e+01      2.71983170e-02      9.44393840e+00 
7.0000e+00      8.32833700e+00      4.00000000e+00      2.60000000e+01      3.50582760e-02      1.00479870e+01 
8.0000e+00      8.05870050e+00      2.00000000e+00      2.50000000e+01      3.69393170e-02      1.05975690e+01 
9.0000e+00      7.80953910e+00      2.00000000e+00      2.50000000e+01      4.68400730e-02      9.53233360e+00 
1.0000e+01      7.58058930e+00      2.00000000e+00      2.50000000e+01      2.87328510e-02      1.31366320e+01 
1.1000e+01      7.37118360e+00      2.00000000e+00      2.40000000e+01      1.16821030e-01      1.16306880e+01 
1.2000e+01      7.18151210e+00      2.00000000e+00      2.40000000e+01      4.46329390e-02      1.03507610e+01 
1.3000e+01      7.00194270e+00      2.00000000e+00      2.60000000e+01      4.03938840e-02      9.87768830e+00 
1.4000e+01      6.83048380e+00      2.00000000e+00      2.40000000e+01      2.74759160e-02      1.40207100e+01 
1.5000e+01      6.66969360e+00      2.00000000e+00      2.30000000e+01      4.43917290e-02      9.88587390e+00 
1.6000e+01      6.51544450e+00      2.00000000e+00      2.30000000e+01      2.88467480e-02      9.64625260e+00 
1.7000e+01      6.36819420e+00      2.00000000e+00      2.40000000e+01      5.31342370e-02      1.15803780e+01 
1.8000e+01      6.22847880e+00      2.00000000e+00      2.30000000e+01      8.44408380e-02      1.21469950e+01 
1.9000e+01      6.09355000e+00      2.00000000e+00      2.30000000e+01      3.51386320e-02      1.20068620e+01 
2.0000e+01      5.96309340e+00      2.00000000e+00      2.30000000e+01      3.81023560e-02      1.08820230e+01 
2.1000e+01      5.83838300e+00      2.00000000e+00      2.30000000e+01      3.21528840e-02      1.01824390e+01 
2.2000e+01      5.71671120e+00      2.00000000e+00      2.20000000e+01      1.64207040e-02      1.14828180e+01 
2.3000e+01      5.59964390e+00      2.00000000e+00      2.30000000e+01      1.04424370e-01      1.08327130e+01 
2.4000e+01      5.48612420e+00      2.00000000e+00      2.30000000e+01      2.70667670e-02      1.13646120e+01 
2.5000e+01      5.37520760e+00      2.00000000e+00      2.10000000e+01      5.36434860e-02      1.16452190e+01 
2.6000e+01      5.26789350e+00      2.00000000e+00      2.10000000e+01      4.05106520e-02      1.24704230e+01 
2.7000e+01      5.16376730e+00      2.00000000e+00      2.10000000e+01      8.05639720e-02      1.34190210e+01 
2.8000e+01      5.06249470e+00      2.00000000e+00      2.10000000e+01      6.09249340e-02      1.18613470e+01 
2.9000e+01      4.96191130e+00      2.00000000e+00      2.10000000e+01      2.99086720e-02      1.19049890e+01 
3.0000e+01      4.86442640e+00      2.00000000e+00      2.10000000e+01      3.91233350e-02      1.23538730e+01 
3.1000e+01      4.76761250e+00      2.00000000e+00      2.20000000e+01      4.09351100e-02      1.17800460e+01 
3.2000e+01      4.67516950e+00      2.00000000e+00      2.10000000e+01      8.59482940e-02      1.19153980e+01 
3.3000e+01      4.58281730e+00      2.00000000e+00      2.00000000e+01      7.69054970e-02      1.17241700e+01 
3.4000e+01      4.49265840e+00      2.00000000e+00      2.30000000e+01      2.46729060e-02      1.22290140e+01 
3.5000e+01      4.40517250e+00      2.00000000e+00      2.10000000e+01      1.12624110e-01      1.23536360e+01 
3.6000e+01      4.31884170e+00      2.00000000e+00      1.90000000e+01      1.28390070e-01      1.41479770e+01 
3.7000e+01      4.23442200e+00      2.00000000e+00      2.10000000e+01      1.11911800e-01      1.22939560e+01 
3.8000e+01      4.15048080e+00      2.00000000e+00      2.00000000e+01      1.50937020e-01      1.09410650e+01 
3.9000e+01      4.06683870e+00      2.00000000e+00      2.00000000e+01      8.37867800e-02      1.26131600e+01 
4.0000e+01      3.98529300e+00      2.00000000e+00      2.10000000e+01      3.78927760e-02      1.40110230e+01 
4.1000e+01      3.90413900e+00      2.00000000e+00      2.00000000e+01      6.65907100e-02      1.33387010e+01 
4.2000e+01      3.82328190e+00      2.00000000e+00      2.00000000e+01      1.27894490e-01      1.36871760e+01 
4.3000e+01      3.74513840e+00      2.00000000e+00      2.00000000e+01      1.52052970e-01      1.32360310e+01 
4.4000e+01      3.66687880e+00      2.00000000e+00      2.20000000e+01      1.51357630e-01      1.35528070e+01 
4.5000e+01      3.58995970e+00      2.00000000e+00      2.20000000e+01      1.23132230e-01      1.21567980e+01 
4.6000e+01      3.51381780e+00      2.00000000e+00      1.90000000e+01      1.44471170e-01      1.22290040e+01 
4.7000e+01      3.43875440e+00      2.00000000e+00      1.80000000e+01      8.47108220e-02      1.19368270e+01 
4.8000e+01      3.36475540e+00      2.00000000e+00      2.00000000e+01      1.25356040e-01      1.43653270e+01 
4.9000e+01      3.28998440e+00      2.00000000e+00      1.90000000e+01      6.27003210e-02      1.38307230e+01 
5.0000e+01      3.21633980e+00      2.00000000e+00      1.80000000e+01      1.75406110e-01      1.31709680e+01 
5.1000e+01      3.14334750e+00      2.00000000e+00      1.70000000e+01      6.21472200e-02      1.37782080e+01 
5.2000e+01      3.07109170e+00      2.00000000e+00      1.80000000e+01      5.21298960e-02      1.33498690e+01 
5.3000e+01      2.99945730e+00      2.00000000e+00      1.80000000e+01      1.64052160e-01      1.32412010e+01 
5.4000e+01      2.92871920e+00      2.00000000e+00      2.00000000e+01      1.25457110e-01      1.30406810e+01 
5.5000e+01      2.85802920e+00      2.00000000e+00      1.70000000e+01      2.18202500e-01      1.37091820e+01 
5.6000e+01      2.78907230e+00      2.00000000e+00      1.70000000e+01      6.68304900e-02      1.31573580e+01 
5.7000e+01      2.72012800e+00      2.00000000e+00      1.80000000e+01      4.33553410e-02      1.39637410e+01 
5.8000e+01      2.65084670e+00      2.00000000e+00      1.80000000e+01      1.79547570e-01      1.25834910e+01 
5.9000e+01      2.58403290e+00      2.00000000e+00      1.70000000e+01      1.47143460e-01      1.42780210e+01 
6.0000e+01      2.51773180e+00      2.00000000e+00      1.70000000e+01      1.26153880e-01      1.46197010e+01 
6.1000e+01      2.44995240e+00      2.00000000e+00      1.70000000e+01      8.64059660e-02      1.45313300e+01 
6.2000e+01      2.38497960e+00      2.00000000e+00      1.80000000e+01      3.43703200e-01      1.28460930e+01 
6.3000e+01      2.31898510e+00      2.00000000e+00      1.70000000e+01      2.64869150e-01      1.47922600e+01 
6.4000e+01      2.25349110e+00      2.00000000e+00      1.50000000e+01      3.00145960e-01      1.28192310e+01 
6.5000e+01      2.18884050e+00      2.00000000e+00      1.60000000e+01      1.40602240e-01      1.28663940e+01 
6.6000e+01      2.12495770e+00      2.00000000e+00      1.60000000e+01      1.64429820e-01      1.37455490e+01 
6.7000e+01      2.06218110e+00      2.00000000e+00      1.70000000e+01      1.28436940e-01      1.36823120e+01 
6.8000e+01      1.99966640e+00      2.00000000e+00      1.50000000e+01      8.45514130e-02      1.41131500e+01 
6.9000e+01      1.93660390e+00      2.00000000e+00      1.60000000e+01      1.91989090e-01      1.29869900e+01 
7.0000e+01      1.87452640e+00      2.00000000e+00      1.50000000e+01      4.05749330e-01      1.38803020e+01 
7.1000e+01      1.81166720e+00      2.00000000e+00      1.50000000e+01      1.71674010e-01      1.30081780e+01 
7.2000e+01      1.75052130e+00      2.00000000e+00      1.60000000e+01      4.52551900e-01      1.42290280e+01 
7.3000e+01      1.68938790e+00      2.00000000e+00      1.50000000e+01      2.38287170e-01      1.46376030e+01 
7.4000e+01      1.62893210e+00      2.00000000e+00      1.70000000e+01      2.32462590e-01      1.36221690e+01 
7.5000e+01      1.56881300e+00      2.00000000e+00      1.40000000e+01      2.00386330e-01      1.29115020e+01 
7.6000e+01      1.50918900e+00      2.00000000e+00      1.40000000e+01      3.00459080e-01      1.37147580e+01 
7.7000e+01      1.44863030e+00      2.00000000e+00      1.30000000e+01      3.61573780e-01      1.31800240e+01 
7.8000e+01      1.38996410e+00      2.00000000e+00      1.50000000e+01      2.38382740e-01      1.45705280e+01 
7.9000e+01      1.33064130e+00      2.00000000e+00      1.20000000e+01      4.31704600e-01      1.43071470e+01 
8.0000e+01      1.27184700e+00      2.00000000e+00      1.40000000e+01      4.74817440e-01      1.43516830e+01 
8.1000e+01      1.21371950e+00      2.00000000e+00      1.40000000e+01      1.81848770e-01      1.44796510e+01 
8.2000e+01      1.15531760e+00      2.00000000e+00      1.30000000e+01      6.28093480e-01      1.45623550e+01 
8.3000e+01      1.09723550e+00      2.00000000e+00      1.40000000e+01      6.68329890e-01      1.43984000e+01 
8.4000e+01      1.03936930e+00      2.00000000e+00      1.20000000e+01      8.53125640e-01      1.43114110e+01 
8.5000e+01      9.82271620e-01      2.00000000e+00      1.10000000e+01      5.02463870e-01      1.33829370e+01 
8.6000e+01      9.24391760e-01      2.00000000e+00      1.30000000e+01      7.87395330e-01      1.47108350e+01 
8.7000e+01      8.67257330e-01      2.00000000e+00      1.20000000e+01      7.03647700e-01      1.36360500e+01 
8.8000e+01      8.09678640e-01      2.00000000e+00      1.10000000e+01      9.67454380e-01      1.26525580e+01 
8.9000e+01      7.52503460e-01      2.00000000e+00      1.10000000e+01      5.34846860e-01      1.42025960e+01 
9.0000e+01      6.94704250e-01      2.00000000e+00      1.10000000e+01      4.11553150e-01      1.49011610e+01 
9.1000e+01      6.37743420e-01      2.00000000e+00      1.00000000e+01      3.91954950e-01      1.42847920e+01 
9.2000e+01      5.77993930e-01      2.00000000e+00      1.20000000e+01      5.86124510e-01      1.48817080e+01 
9.3000e+01      5.18504020e-01      2.00000000e+00      9.00000000e+00      1.29511180e+00      1.43385010e+01 
9.4000e+01      4.59207610e-01      2.00000000e+00      8.00000000e+00      9.54115270e-01      1.44204610e+01 
9.5000e+01      3.97504570e-01      2.00000000e+00      1.00000000e+01      9.01758490e-01      1.46758630e+01 
9.6000e+01      3.33830310e-01      2.00000000e+00      8.00000000e+00      1.37639860e+00      1.39771000e+01 
9.7000e+01      2.68114550e-01      2.00000000e+00      8.00000000e+00      1.22453110e+00      1.43569200e+01 
9.8000e+01      1.96526380e-01      2.00000000e+00      9.00000000e+00      1.59931900e+00      1.47430320e+01 
9.9000e+01      1.17702880e-01      2.00000000e+00      8.00000000e+00      1.95970360e+00      1.44756610e+01 
1.0000e+02      1.25011800e-04      2.00000000e+00      6.00000000e+00      7.64888970e-01      1.41881160e+01 
