#centrality dS/dy Npart_min Npart_max b_min(fm) b_max(fm)
0.0000e+00      1.00000000e+06      5.00000000e+02      5.00000000e+02      0.00000000e+00      0.00000000e+00 
1.0000e-01      6.01022920e+00      2.00000000e+00      2.00000000e+00      5.58252340e-02      3.24457630e+00 
2.0000e-01      5.44706970e+00      2.00000000e+00      2.00000000e+00      6.45536300e-02      3.12723930e+00 
3.0000e-01      5.11492750e+00      2.00000000e+00      2.00000000e+00      4.11239040e-02      3.45171940e+00 
4.0000e-01      4.88202860e+00      2.00000000e+00      2.00000000e+00      3.19611910e-02      3.15942830e+00 
5.0000e-01      4.70428820e+00      2.00000000e+00      2.00000000e+00      4.45013410e-02      3.37604400e+00 
6.0000e-01      4.55232120e+00      2.00000000e+00      2.00000000e+00      4.67045480e-02      3.10441140e+00 
7.0000e-01      4.42392280e+00      2.00000000e+00      2.00000000e+00      5.90724080e-02      2.89738030e+00 
8.0000e-01      4.31676490e+00      2.00000000e+00      2.00000000e+00      3.13355730e-02      2.95926370e+00 
9.0000e-01      4.21551540e+00      2.00000000e+00      2.00000000e+00      3.24904760e-02      2.90983750e+00 
1.0000e+00      4.12819210e+00      2.00000000e+00      2.00000000e+00      6.56450880e-03      3.14687440e+00 
2.0000e+00      3.54430710e+00      2.00000000e+00      2.00000000e+00      1.33316090e-02      3.49413090e+00 
3.0000e+00      3.20176300e+00      2.00000000e+00      2.00000000e+00      1.83066500e-02      3.66412800e+00 
4.0000e+00      2.95791450e+00      2.00000000e+00      2.00000000e+00      6.80356180e-03      3.45613620e+00 
5.0000e+00      2.77151040e+00      2.00000000e+00      2.00000000e+00      2.13106060e-02      3.18662360e+00 
6.0000e+00      2.61777460e+00      2.00000000e+00      2.00000000e+00      1.66793460e-02      3.37387650e+00 
7.0000e+00      2.48544120e+00      2.00000000e+00      2.00000000e+00      2.23431430e-02      3.56626220e+00 
8.0000e+00      2.37027480e+00      2.00000000e+00      2.00000000e+00      2.97726390e-02      3.36808780e+00 
9.0000e+00      2.27092770e+00      2.00000000e+00      2.00000000e+00      1.98285850e-02      3.38074190e+00 
1.0000e+01      2.18059120e+00      2.00000000e+00      2.00000000e+00      8.51648470e-03      3.23423640e+00 
1.1000e+01      2.09975700e+00      2.00000000e+00      2.00000000e+00      2.60485900e-02      4.07948420e+00 
1.2000e+01      2.02453750e+00      2.00000000e+00      2.00000000e+00      1.00852960e-02      3.51616910e+00 
1.3000e+01      1.95500240e+00      2.00000000e+00      2.00000000e+00      2.32420240e-02      3.58160110e+00 
1.4000e+01      1.89108910e+00      2.00000000e+00      2.00000000e+00      2.49615130e-02      3.44101700e+00 
1.5000e+01      1.83017910e+00      2.00000000e+00      2.00000000e+00      1.93343730e-02      3.31640840e+00 
1.6000e+01      1.77414420e+00      2.00000000e+00      2.00000000e+00      2.11100660e-02      3.58808240e+00 
1.7000e+01      1.72107980e+00      2.00000000e+00      2.00000000e+00      6.99228180e-03      3.51303340e+00 
1.8000e+01      1.67061130e+00      2.00000000e+00      2.00000000e+00      1.04109260e-02      3.84512510e+00 
1.9000e+01      1.62334150e+00      2.00000000e+00      2.00000000e+00      1.25685320e-02      3.72724030e+00 
2.0000e+01      1.57854490e+00      2.00000000e+00      2.00000000e+00      5.89685180e-03      3.50853210e+00 
2.1000e+01      1.53602980e+00      2.00000000e+00      2.00000000e+00      1.22076010e-02      3.73748430e+00 
2.2000e+01      1.49424990e+00      2.00000000e+00      2.00000000e+00      1.25860720e-02      3.65595770e+00 
2.3000e+01      1.45525630e+00      2.00000000e+00      2.00000000e+00      1.03582830e-02      3.50567000e+00 
2.4000e+01      1.41741370e+00      2.00000000e+00      2.00000000e+00      1.35576270e-02      3.26857450e+00 
2.5000e+01      1.38133720e+00      2.00000000e+00      2.00000000e+00      1.56353050e-02      3.27217640e+00 
2.6000e+01      1.34678200e+00      2.00000000e+00      2.00000000e+00      7.99284510e-04      3.80186030e+00 
2.7000e+01      1.31350280e+00      2.00000000e+00      2.00000000e+00      8.81065540e-03      3.58140030e+00 
2.8000e+01      1.28030050e+00      2.00000000e+00      2.00000000e+00      1.88068590e-02      3.44000130e+00 
2.9000e+01      1.24881430e+00      2.00000000e+00      2.00000000e+00      9.51479400e-03      3.66119390e+00 
3.0000e+01      1.21852800e+00      2.00000000e+00      2.00000000e+00      9.74849540e-03      3.65918570e+00 
3.1000e+01      1.18896740e+00      2.00000000e+00      2.00000000e+00      1.83500840e-02      3.36366460e+00 
3.2000e+01      1.16019620e+00      2.00000000e+00      2.00000000e+00      5.64192720e-03      3.57620940e+00 
3.3000e+01      1.13261970e+00      2.00000000e+00      2.00000000e+00      1.85140190e-02      3.35937490e+00 
3.4000e+01      1.10542110e+00      2.00000000e+00      2.00000000e+00      4.11555310e-02      3.58973210e+00 
3.5000e+01      1.07952150e+00      2.00000000e+00      2.00000000e+00      1.02157600e-02      3.75479530e+00 
3.6000e+01      1.05385030e+00      2.00000000e+00      2.00000000e+00      3.44136040e-03      3.31369330e+00 
3.7000e+01      1.02915180e+00      2.00000000e+00      2.00000000e+00      1.65543800e-02      3.47033800e+00 
3.8000e+01      1.00479660e+00      2.00000000e+00      2.00000000e+00      1.15589250e-02      3.33163440e+00 
3.9000e+01      9.81065750e-01      2.00000000e+00      2.00000000e+00      5.48357360e-03      3.33754970e+00 
4.0000e+01      9.57960660e-01      2.00000000e+00      2.00000000e+00      3.51351710e-03      3.93673680e+00 
4.1000e+01      9.35301520e-01      2.00000000e+00      2.00000000e+00      1.75485540e-02      3.56749000e+00 
4.2000e+01      9.12786570e-01      2.00000000e+00      2.00000000e+00      5.42500330e-03      3.79887400e+00 
4.3000e+01      8.91259800e-01      2.00000000e+00      2.00000000e+00      1.25497260e-02      3.29542760e+00 
4.4000e+01      8.70121440e-01      2.00000000e+00      2.00000000e+00      5.86908690e-03      3.25230460e+00 
4.5000e+01      8.48947230e-01      2.00000000e+00      2.00000000e+00      1.96028580e-02      3.86266880e+00 
4.6000e+01      8.27884050e-01      2.00000000e+00      2.00000000e+00      1.52537130e-02      3.47787920e+00 
4.7000e+01      8.07818670e-01      2.00000000e+00      2.00000000e+00      1.20668490e-02      3.79540530e+00 
4.8000e+01      7.88320490e-01      2.00000000e+00      2.00000000e+00      4.74350770e-03      4.00373250e+00 
4.9000e+01      7.68873190e-01      2.00000000e+00      2.00000000e+00      4.00197330e-03      3.70495440e+00 
5.0000e+01      7.50127590e-01      2.00000000e+00      2.00000000e+00      1.13838390e-02      3.48284450e+00 
5.1000e+01      7.31539310e-01      2.00000000e+00      2.00000000e+00      3.26050980e-02      3.83030300e+00 
5.2000e+01      7.13191470e-01      2.00000000e+00      2.00000000e+00      2.41796200e-02      3.50890790e+00 
5.3000e+01      6.95140790e-01      2.00000000e+00      2.00000000e+00      4.82124040e-03      4.13493620e+00 
5.4000e+01      6.77685730e-01      2.00000000e+00      2.00000000e+00      1.19893140e-02      4.09168300e+00 
5.5000e+01      6.60167050e-01      2.00000000e+00      2.00000000e+00      2.42070640e-02      3.55796320e+00 
5.6000e+01      6.43176930e-01      2.00000000e+00      2.00000000e+00      1.28228030e-02      4.01654160e+00 
5.7000e+01      6.26294930e-01      2.00000000e+00      2.00000000e+00      1.19493660e-02      3.89713660e+00 
5.8000e+01      6.09926640e-01      2.00000000e+00      2.00000000e+00      2.30504430e-02      3.53184050e+00 
5.9000e+01      5.93452840e-01      2.00000000e+00      2.00000000e+00      1.61073060e-02      3.44564370e+00 
6.0000e+01      5.77172400e-01      2.00000000e+00      2.00000000e+00      1.55937020e-02      3.64560170e+00 
6.1000e+01      5.61142720e-01      2.00000000e+00      2.00000000e+00      6.57923460e-03      3.52193580e+00 
6.2000e+01      5.45058900e-01      2.00000000e+00      2.00000000e+00      1.46909810e-02      3.34729950e+00 
6.3000e+01      5.29527480e-01      2.00000000e+00      2.00000000e+00      8.60936320e-03      3.61889480e+00 
6.4000e+01      5.13895490e-01      2.00000000e+00      2.00000000e+00      2.45097650e-03      3.59509120e+00 
6.5000e+01      4.98457420e-01      2.00000000e+00      2.00000000e+00      1.76817180e-02      3.77976410e+00 
6.6000e+01      4.83399290e-01      2.00000000e+00      2.00000000e+00      5.83215140e-03      3.44711820e+00 
6.7000e+01      4.68443780e-01      2.00000000e+00      2.00000000e+00      1.53176320e-02      3.36996500e+00 
6.8000e+01      4.53774520e-01      2.00000000e+00      2.00000000e+00      3.59276330e-03      3.49527530e+00 
6.9000e+01      4.38879540e-01      2.00000000e+00      2.00000000e+00      9.52603350e-03      3.57819320e+00 
7.0000e+01      4.24228130e-01      2.00000000e+00      2.00000000e+00      9.96930430e-03      3.58840930e+00 
7.1000e+01      4.09695560e-01      2.00000000e+00      2.00000000e+00      8.65692400e-03      3.55465730e+00 
7.2000e+01      3.95680590e-01      2.00000000e+00      2.00000000e+00      1.58893380e-02      3.48296780e+00 
7.3000e+01      3.81536670e-01      2.00000000e+00      2.00000000e+00      3.13837340e-02      3.54005060e+00 
7.4000e+01      3.67744380e-01      2.00000000e+00      2.00000000e+00      1.44147760e-02      3.32432560e+00 
7.5000e+01      3.53587450e-01      2.00000000e+00      2.00000000e+00      1.51173310e-02      3.59262300e+00 
7.6000e+01      3.39526050e-01      2.00000000e+00      2.00000000e+00      3.07840990e-02      3.68251890e+00 
7.7000e+01      3.26072250e-01      2.00000000e+00      2.00000000e+00      2.31703850e-02      3.73611740e+00 
7.8000e+01      3.12264740e-01      2.00000000e+00      2.00000000e+00      2.03127990e-03      3.55297760e+00 
7.9000e+01      2.98635560e-01      2.00000000e+00      2.00000000e+00      4.66933420e-03      3.34335740e+00 
8.0000e+01      2.85080060e-01      2.00000000e+00      2.00000000e+00      5.54351600e-03      3.61318910e+00 
8.1000e+01      2.71686820e-01      2.00000000e+00      2.00000000e+00      1.11754710e-02      3.30101220e+00 
8.2000e+01      2.58402480e-01      2.00000000e+00      2.00000000e+00      1.02699270e-02      3.56962370e+00 
8.3000e+01      2.44931170e-01      2.00000000e+00      2.00000000e+00      1.20435870e-02      3.52729110e+00 
8.4000e+01      2.31737780e-01      2.00000000e+00      2.00000000e+00      1.06893750e-02      3.27162600e+00 
8.5000e+01      2.18415010e-01      2.00000000e+00      2.00000000e+00      2.20081310e-02      3.38133050e+00 
8.6000e+01      2.05207530e-01      2.00000000e+00      2.00000000e+00      1.03813840e-02      3.59816430e+00 
8.7000e+01      1.92072160e-01      2.00000000e+00      2.00000000e+00      1.62636850e-02      3.46161290e+00 
8.8000e+01      1.78820370e-01      2.00000000e+00      2.00000000e+00      8.38487580e-03      3.78297780e+00 
8.9000e+01      1.65521370e-01      2.00000000e+00      2.00000000e+00      2.15815430e-02      3.47265560e+00 
9.0000e+01      1.52347570e-01      2.00000000e+00      2.00000000e+00      2.80640370e-03      3.42545290e+00 
9.1000e+01      1.38781320e-01      2.00000000e+00      2.00000000e+00      2.33251720e-02      3.52492860e+00 
9.2000e+01      1.25205450e-01      2.00000000e+00      2.00000000e+00      1.07789220e-02      3.49502780e+00 
9.3000e+01      1.11378390e-01      2.00000000e+00      2.00000000e+00      7.47372390e-03      3.58632800e+00 
9.4000e+01      9.77777330e-02      2.00000000e+00      2.00000000e+00      1.22077950e-03      3.59906660e+00 
9.5000e+01      8.39597770e-02      2.00000000e+00      2.00000000e+00      2.57909150e-02      3.45125980e+00 
9.6000e+01      6.94850630e-02      2.00000000e+00      2.00000000e+00      2.73972330e-02      3.32894260e+00 
9.7000e+01      5.46135840e-02      2.00000000e+00      2.00000000e+00      2.20798950e-02      3.50065600e+00 
9.8000e+01      3.92218870e-02      2.00000000e+00      2.00000000e+00      1.35100340e-02      3.46054660e+00 
9.9000e+01      2.22599960e-02      2.00000000e+00      2.00000000e+00      1.93985130e-02      3.56493030e+00 
1.0000e+02      3.38256880e-05      2.00000000e+00      2.00000000e+00      2.18664210e-02      3.85528930e+00 
