          0.63000000          1.24551316          0.13393049          0.10000000          0.00816070          1.24149226         -0.13368164
          0.63000000          1.23843342          0.12391045         -0.10000000          0.01295305          1.23438946         -0.12323156
          0.59666176          3.79628173          0.01511413         -0.18259638         -0.00111826          3.79188786          0.01507270
          0.63000000          3.92098041          0.19109937          0.10000000         -0.02570863          3.91970501          0.18936218
          0.62999706          3.86072859          0.17739011         -0.10955783         -0.01455321          3.85917378          0.17679212
          0.73000000          1.24995463          0.28091087          0.10000000          0.01590455          1.24594807         -0.28046027
          0.73000000          1.23520751          0.26521043         -0.10000000          0.02519588          1.23115295         -0.26401087
          0.73000000          3.90888106          0.34536428          0.10000000         -0.04213199          3.90760172          0.34278475
          0.73000000          3.88361289          0.45623319         -0.10000000         -0.03647361          3.88232521          0.45477291
          0.83000000          1.25497484          0.31677677          0.10000000          0.01845090          1.25098435         -0.31623897
          0.83000000          1.23888167          0.29618553         -0.10000000          0.02295838          1.23483918         -0.29529439
          0.83000000          3.89254691          0.31785760          0.10000000         -0.02674028          3.89126219          0.31673082
          0.83000000          3.87418319          0.40804355         -0.10000000         -0.02541349          3.87289238          0.40725139
          0.93000000          1.26336540          0.34975638          0.10000000          0.02371078          1.25940150         -0.34895175
          0.93000000          1.24596194          0.33217196         -0.10000000          0.02085552          1.24194249         -0.33151660
          0.93000000          3.87703728          0.32410929          0.10000000         -0.01369818          3.87574742          0.32381969
          0.93000000          3.86234576          0.37996930         -0.10000000         -0.01823160          3.86105100          0.37953166
          1.03000000          1.27457144          0.36731661          0.10000000          0.02906026          1.27064249         -0.36616525
          1.03000000          1.25637816          0.35696984         -0.10000000          0.01751705          1.25239214         -0.35653979
          1.03000000          3.86044464          0.34119670          0.10000000         -0.00209135          3.85914923          0.34119029
          1.03000000          3.84778891          0.37723759         -0.10000000         -0.01464752          3.84648925          0.37695312
          1.13000000          1.29205835          0.37017969          0.10000000          0.03417322          1.28818275         -0.36859896
          1.13000000          1.27290720          0.36680137         -0.10000000          0.01291264          1.26897310         -0.36657401
          1.13000000          3.84015686          0.35271988          0.10000000          0.00949189          3.83885461          0.35259214
          1.13000000          3.82859962          0.37534839         -0.10000000         -0.01237809          3.82729344          0.37514424
          1.23000000          1.32075954          0.36452042          0.10000000          0.03869947          1.31696839         -0.36246032
          1.23000000          1.30014228          0.36569058         -0.10000000          0.00780162          1.29629085         -0.36560736
          1.27240280          3.79733410          0.35692315          0.10000000          0.02371582          3.79601715          0.35613438
          1.25741044          3.79190464          0.36944062         -0.10000000         -0.01098299          3.79058581          0.36927733
          1.22240280          3.81500863          0.35734179          0.10000000          0.01909446          3.81369779          0.35683127
          1.20741044          3.80943879          0.37327852         -0.10000000         -0.01130275          3.80812604          0.37310735
          1.33663149          1.37246220          0.34585292          0.10837740          0.04510964          1.36817646         -0.34289848
          1.33000000          1.34516329          0.35164407         -0.10000000          0.00264092          1.34144112         -0.35163415
          1.37438582          1.41649070          0.33248708          0.18062900          0.06397659          1.40492672         -0.32627390
          1.33000000          3.75867161          0.34340205          0.10000000          0.02902705          3.75734112          0.34217305
          1.33000000          3.75197050          0.35441594         -0.10000000         -0.01052644          3.75063763          0.35425959
          1.39397607          1.39120712          0.33834474          0.04729567          0.03363551          1.39040295         -0.33666870
          1.40113991          1.38834097          0.33553910         -0.10000000         -0.00051958          1.38473486         -0.33553870
          1.42838564          1.44005643          0.31815922          0.10837740          0.04859842          1.43597244         -0.31442564
          1.45113991          1.43288148          0.31662769         -0.10000000         -0.00191987          1.42938775         -0.31662187
          1.43000000          3.67423997          0.31049307          0.10000000          0.03771846          3.67287889          0.30819355
          1.43000000          3.67559986          0.32189642         -0.10000000         -0.00899674          3.67423929          0.32177066
          1.53780609          1.55117162          0.27492109          0.10684325          0.05091667          1.54748762         -0.27016495
          1.53000000          1.51818580          0.28232174         -0.10000000         -0.00353498          1.51488881         -0.28229961
          1.57634348          1.61361743          0.25862925          0.17807208          0.07056303          1.60376168         -0.24881710
          1.54083220          3.56138901          0.26973138          0.10000000          0.04385880          3.55998478          0.26614173
          1.54371426          3.56354918          0.27841442         -0.10000000         -0.00677930          3.56214581          0.27833187
          1.49083220          3.61293911          0.28682994          0.10000000          0.04236756          3.61155493          0.28368363
          1.49371426          3.61557064          0.29742339         -0.10000000         -0.00761843          3.61418747          0.29732580
          1.58799590          1.59141433          0.26016290          0.04473875          0.03561549          1.59078534         -0.25771354
          1.59279726          1.58865151          0.25796846         -0.10000000         -0.00476569          1.58550106         -0.25792444
          1.62479754          1.64477818          0.24632563          0.10684325          0.05176181          1.64130429         -0.24082573
          1.64279726          1.64368838          0.24204488         -0.10000000         -0.00505952          1.64064362         -0.24199199
          1.63000000          3.46691032          0.24275067          0.10000000          0.04639843          3.46546782          0.23827520
          1.63000000          3.46934141          0.24811194         -0.10000000         -0.00541253          3.46789992          0.24805289
          1.72333291          1.75166586          0.21756076          0.10000000          0.05015915          1.74880910         -0.21169965
          1.73901899          1.75650569          0.21135508         -0.11892831         -0.01133315          1.75247491         -0.21105101
          1.77333291          1.81230190          0.20192941          0.10000000          0.05039149          1.80954087         -0.19554075
          1.77836498          1.80354960          0.19893043         -0.06488052          0.00415554          1.80238222         -0.19888703
          1.73497985          3.34807881          0.21339720          0.10000000          0.04899701          3.34658508          0.20769607
          1.73513025          3.34732501          0.21397044         -0.10000000         -0.00446355          3.34583095          0.21392388
          1.68497985          3.40695094          0.22770106          0.10000000          0.04826391          3.40548303          0.22252723
          1.68513025          3.40722190          0.23045705         -0.10000000         -0.00454997          3.40575411          0.23041213
          1.78005500          1.81081440          0.20068119         -0.19821385         -0.03524117          1.79993335         -0.19756265
          1.83000000          1.89277535          0.18097799          0.10000000          0.05063789          1.89013188         -0.17374935
          1.82003300          1.86321089          0.18339787         -0.11892831         -0.01179843          1.85941143         -0.18301796
          1.86558318          3.17712856          0.17154295          0.10000000          0.05165625          3.17555442          0.16358061
          1.86470227          3.17670589          0.16762681         -0.10000000         -0.00440935          3.17513154          0.16756881
          1.81558318          3.24812479          0.18882936          0.10000000          0.05067785          3.24658508          0.18190185
          1.81470227          3.24737102          0.18649228         -0.10000000         -0.00437389          3.24583095          0.18644098
          1.89337128          1.98311390          0.15785686          0.10000000          0.05131490          1.98059101         -0.14928352
          1.89882058          1.97501089          0.15353067         -0.10000000         -0.00646867          1.97247763         -0.15339434
          1.94337128          2.07219327          0.13709231          0.10000000          0.05202972          2.06977896         -0.12683536
          1.94882058          2.06045927          0.13227857         -0.10000000         -0.00636118          2.05803120         -0.13212553
          1.97515367          2.98923618          0.12701809          0.10000000          0.05341102          2.98756304          0.11524261
          1.97654429          2.99373245          0.11979982         -0.10000000         -0.00476311          2.99206183          0.11970510
          1.92515367          3.07717972          0.14761104          0.10000000          0.05237024          3.07555442          0.13800862
          1.92654429          3.07675706          0.14154143         -0.10000000         -0.00465734          3.07513154          0.14146479
          1.99636346          2.17208212          0.11417220          0.10000000          0.05317368          2.16977896         -0.10103391
          2.00277139          2.16034688          0.10703165         -0.10000000         -0.00623293          2.15803120         -0.10685001
          2.04961889          2.31609705          0.08319557          0.09453379          0.05307446          2.31416700         -0.06406719
          2.05277139          2.28808769          0.07405284         -0.10000000         -0.00601524          2.28590142         -0.07380813
          2.07498955          2.50533086          0.07561375          0.16334848          0.07444672          2.50000000         -0.01323346
          2.06926936          2.70660286          0.07338798          0.11614499          0.06025909          2.70410972          0.04188838
          2.07134313          2.75711124          0.05790389         -0.10000000         -0.00531466          2.75529715          0.05765948
          2.01725730          2.88929408          0.10536659          0.10000000          0.05408068          2.88756304          0.09042897
          2.02134313          2.89379019          0.09462308         -0.10000000         -0.00506722          2.89206183          0.09448731
          2.08325583          2.39040107          0.05594271          0.02422299          0.03348067          2.39027833         -0.04481775
          2.08465312          2.38799614          0.04688475         -0.10000000         -0.00591914          2.38590142         -0.04650961
          2.08852287          2.50080248          0.04740634          0.06334848          0.04529698          2.50000000         -0.01398373
          2.09608788          2.50199920          0.01561300         -0.10000000         -0.00571834          2.50000000         -0.01452813
          2.08810800          2.64087005          0.05115041          0.06024165          0.04451392          2.64018286          0.02519673
          2.09143476          2.65717952          0.03037673         -0.10000000         -0.00550700          2.65529715          0.02987337
