1  1.77664  1.05641  1.14854
-1  2.69084  1.51164  0.799095
1  5.34029  1.89366  1.93968
-1  1.93966  0.510772  -1.80269
-49  6.42564  1.09148  -0.285083
-1  2.42496  0.0926856  -1.45088
1  4.09038  0.681994  1.22516
-1  1.7757  0.625687  1.25713
-1  1.07008  0.412431  2.55896
101  2.41719  1.2876  -2.09633
101  0.220607  0.171991  -1.38972
101  0.871602  0.843801  -1.49472
101  0.476058  0.375107  -3.13388
101  0.2349  0.132052  2.32982
101  0.468574  0.30992  2.51893
101  1.17717  0.276868  1.5573
101  1.53268  0.209495  2.78905
101  0.270367  0.221609  2.84438
101  0.386905  0.360227  1.15041
101  1.92827  0.326017  1.29805
101  1.04341  0.508602  -2.2094
101  3.11847  0.774303  -2.10736
101  1.3899  0.206504  -2.9079
101  0.973312  0.351223  -0.954725
101  0.758692  0.317708  -0.705729
101  0.229629  0.139083  1.42329
101  0.727147  0.280385  0.585097
106  3.27503  0.362269  -2.72723
106  1.59037  0.789617  0.737477
106  1.61977  1.10781  2.22865
102  1.28238  0.854369  -1.5972
102  1.37017  0.727723  1.98983
101  1.81788  0.38033  0.462342
101  0.394157  0.345226  -0.984224
101  0.297602  0.212044  -2.66836
101  0.223291  0.152191  -1.04638
106  1.23505  0.587562  -1.44809
106  1.13608  0.812843  2.00618
106  1.50015  0.454  -2.40774
101  0.18586  0.121305  0.242578
106  0.983145  0.354294  -1.44321
101  1.06715  0.963263  -2.94086
101  0.760649  0.741351  2.35739
101  0.816854  0.696172  -2.60854
101  0.24835  0.187375  -2.83063
101  0.51442  0.330025  -1.12377
101  0.358758  0.194008  -2.52061
101  0.603507  0.431882  -1.60302
101  1.00793  0.968212  1.42318
101  2.32859  0.95741  2.20549
-106  4.05327  1.23369  -1.03582
101  0.343206  0.214461  -2.71909
101  0.364791  0.28683  -0.89543
101  0.919692  0.10698  1.39699
101  0.625801  0.176687  1.6586
101  1.40385  0.667732  1.20238
101  2.58239  1.09095  2.90041
101  1.52943  0.184063  2.94178
101  0.618287  0.597223  -1.26148
101  0.275977  0.22126  -1.60223
101  1.3368  0.190851  -1.38111
101  0.520522  0.110076  2.50197
101  1.09641  0.242088  -1.30025
-1  1.88224  0.753598  -0.35387
1  4.76694  0.619595  -2.35753
1  2.25904  0.960521  2.24395
27  3.07868  0.442825  2.79572
1  2.05915  0.848822  -2.81987
1  1.0648  0.176523  1.55436
40  1.33065  0.493637  -2.82016
101  1.31063  0.448176  2.55988
101  0.454249  0.246789  2.35748
101  0.462198  0.211901  -0.764679
101  1.4996  1.49327  2.24991
101  0.915717  0.236484  -2.20174
101  0.349541  0.239593  -1.0753
101  0.936843  0.497966  -1.01366
101  2.12262  0.462286  -1.22774
101  3.04116  0.508822  2.58005
101  0.595614  0.514492  2.7651
101  3.68211  0.726593  1.64957
101  0.691292  0.458302  1.15963
101  0.396635  0.336922  0.728936
101  1.46377  1.14197  2.88961
101  0.30559  0.246757  -2.94575
101  0.238664  0.17437  2.01103
101  0.579813  0.256654  -0.679309
101  2.65063  0.882789  0.863106
106  1.79548  0.277081  1.82739
106  1.68763  0.601888  0.99105
106  1.1267  0.986615  2.50416
102  1.35439  1.1115  0.236308
101  1.50978  0.410489  0.179622
101  0.574075  0.223772  2.39004
101  1.30312  0.353936  -2.97631
101  0.666611  0.33594  2.90772
106  0.725746  0.31314  -2.5948
100  0.472405  0.315568  -1.11234
101  1.13702  0.781126  -1.17569
101  0.38111  0.324197  3.01909
101  0.414313  0.379757  -1.80656
101  3.69946  0.317505  0.258095
101  1.34896  0.682386  -2.61384
101  0.354342  0.196631  1.14787
101  0.893889  0.368958  -0.679806
101  1.79007  0.527125  1.96209
101  0.513626  0.489112  -0.567981
101  0.597386  0.46253  2.23055
101  2.75352  0.372326  -0.65207
101  0.791754  0.217163  -1.82311
101  1.31878  0.547502  -2.5978
101  0.31294  0.209189  2.42595
101  0.50893  0.485869  0.243854
-1  1.98266  0.845125  -1.59426
27  2.64285  2.09367  -0.655846
1  1.06662  0.506365  2.12149
1  2.33397  1.30894  -1.74436
1  1.52583  1.05421  -2.66017
-49  2.37653  1.26191  -3.07359
49  3.07139  1.18249  2.75157
1  1.57939  1.15515  0.843935
101  0.705632  0.073268  -1.09257
101  2.2433  0.966955  -0.991174
101  0.478286  0.362611  -2.61146
101  1.95452  0.442523  -2.29822
101  0.597949  0.578874  2.83026
101  0.505612  0.383886  -2.17975
101  4.41841  0.738229  -1.07307
101  0.397133  0.189178  0.496117
101  1.77694  0.654631  -0.451486
101  0.796813  0.337151  -2.39745
101  2.64344  0.83715  0.957568
101  2.07393  0.411876  2.52232
101  0.503654  0.168231  1.86223
101  0.193058  0.128137  -0.836924
101  1.17862  0.532477  1.48882
101  4.0534  0.740894  -1.72995
101  0.551512  0.19001  -2.99849
106  2.53506  1.0385  2.87651
106  1.08748  0.589474  0.0341637
106  0.613081  0.215274  -0.541649
102  1.00128  0.41378  1.98088
101  0.218551  0.145581  0.738282
101  0.415229  0.38681  2.93285
101  0.385507  0.342146  1.44284
101  4.03887  0.198868  0.465421
101  1.04132  0.742045  0.671394
101  0.171248  0.0915291  -2.42703
106  0.877689  0.629707  0.679364
102  2.36754  0.239462  -2.25217
106  0.925249  0.458901  2.68355
101  1.77678  0.350145  -1.22432
101  1.03355  0.483202  -2.11778
106  3.77327  0.962069  0.454922
106  5.27017  0.55211  1.64798
102  0.928592  0.488292  1.99564
101  0.298252  0.0936605  -1.07365
101  0.285546  0.161639  0.955456
106  3.11445  0.604056  -0.556587
101  0.578688  0.549043  1.20004
101  1.02274  0.795044  0.608268
101  0.487429  0.174556  -2.53278
101  0.16063  0.0768609  -1.03043
101  1.0747  0.452262  -2.02769
101  0.413457  0.364887  0.130521
101  0.864582  0.44759  -1.309
101  0.665151  0.348311  -2.97497
101  0.22089  0.140462  -1.19237
101  0.903246  0.654646  2.9981
101  0.279633  0.230888  1.4056
101  3.4903  1.35486  2.57648
101  1.35662  0.330828  0.700845
101  0.412207  0.385543  1.71962
101  0.219178  0.166655  -3.06906
101  0.488069  0.295831  -3.08713
101  0.649078  0.620498  -2.10741
101  2.30309  0.41307  2.99051
101  2.40421  0.246899  2.25736
101  0.385842  0.243061  2.04815
101  0.373038  0.172459  1.65411
101  0.488565  0.324397  1.08004
101  0.40322  0.021434  1.66338
101  0.256441  0.192517  0.161014
101  3.31301  0.458238  1.38498
101  0.188466  0.0844619  0.093559
101  2.34019  0.364776  0.530977
101  0.254193  0.115984  2.33744
101  0.38676  0.354346  -0.340985
-106  0.64621  0.26264  2.91184
101  0.595933  0.0702837  -1.66675
-1  3.0173  0.431566  -3.09249
1  2.69789  0.860042  -1.86063
40  1.26934  0.165159  -2.09883
1  10.7394  1.49691  -1.3351
1  1.56135  0.477928  1.01599
49  1.61127  0.382573  -0.876836
-27  1.4844  0.538937  0.250942
101  0.35963  0.310858  2.76174
101  0.559658  0.542835  -1.84468
101  1.21267  0.354173  2.56774
101  1.45189  0.526175  -1.62393
101  0.234679  0.179156  -2.5185
101  0.912145  0.420678  2.33616
101  2.30135  0.618571  1.11512
101  0.636727  0.21199  -0.184438
101  0.517541  0.413059  -0.673407
101  1.10641  0.342102  3.09346
101  0.370262  0.341387  -3.09001
101  0.664813  0.362787  -1.77832
101  0.424117  0.376138  -1.31629
101  0.163739  0.0780064  1.90073
101  1.85044  0.300013  0.0085815
101  0.978936  0.150762  -0.345066
101  0.366817  0.256622  -2.23607
106  1.9825  1.19264  0.324093
106  0.781508  0.567936  -0.0300633
102  2.13912  1.25864  -1.03185
102  5.02186  0.786193  -1.63768
101  1.64384  1.00637  2.61087
101  6.23794  0.829419  -1.42092
101  1.43657  0.0605733  -1.33783
101  0.619368  0.589078  0.932228
101  1.5318  0.117537  0.0111309
106  0.93424  0.537249  0.00874221
106  1.0366  0.303911  0.0812913
101  0.396285  0.277073  1.79817
101  0.253166  0.200712  -0.475949
101  0.668836  0.595834  0.686143
101  0.510585  0.406498  1.55136
101  1.01507  0.309546  -2.43371
102  0.819843  0.332327  0.4293
101  0.26157  0.217228  -0.776745
101  5.88949  1.30698  3.07936
101  1.08019  0.128278  0.110617
101  1.23327  1.01925  0.474241
101  0.592659  0.436415  1.0299
101  0.25671  0.161671  0.700913
101  0.746822  0.229241  -3.01439
1  2.37875  0.959196  0.928907
-1  3.44364  0.6308  -2.74463
1  1.37501  0.505167  1.28163
27  4.1787  1.30444  -3.07985
27  1.50161  0.332179  -2.8173
40  3.01233  1.00138  -1.56045
101  4.94677  0.87043  -0.171364
101  0.320948  0.221009  0.0640334
101  0.342868  0.293974  2.82314
101  3.03781  0.666764  -2.56287
101  2.04179  0.442357  -0.782438
101  0.224832  0.176228  -2.16214
101  0.692887  0.167173  0.91536
101  0.597498  0.449981  -3.07139
101  2.09799  0.496995  1.3436
101  0.393619  0.310835  -0.782587
101  0.33906  0.0292146  1.86209
101  1.39644  0.390549  1.42813
101  1.14511  0.264057  -2.81461
101  3.05344  0.520858  -2.06318
101  1.06021  0.363848  0.961222
101  1.54489  0.345654  1.3321
101  1.77913  0.399102  -0.0254221
101  2.08773  0.640774  2.89676
106  0.773684  0.573708  -1.2002
106  0.89176  0.596295  -1.1187
106  1.76031  0.243238  1.97532
102  1.53438  0.448819  2.98633
101  0.539938  0.307311  1.94049
106  2.65083  0.610068  3.00722
106  2.27458  0.709983  2.39178
106  0.683609  0.0322147  -2.88309
102  1.49719  0.998616  -1.27023
101  0.321875  0.28671  2.68452
101  0.622282  0.384424  -1.21468
101  0.215518  0.156937  -2.54522
101  0.532907  0.41458  -2.24099
101  0.653222  0.556153  -0.0806164
101  6.17406  1.3087  2.97724
101  0.657951  0.375378  0.116534
101  0.438476  0.340844  -1.95429
-106  0.981213  0.118596  1.67404
101  2.33317  0.327176  0.417904
101  0.487311  0.354154  -2.77338
101  0.692471  0.656238  -0.632882
101  1.68861  0.248586  3.0735
101  0.414973  0.146026  -0.228539
101  0.51794  0.415285  -0.947982
101  0.605551  0.485085  -2.35129
-27  1.71037  1.14482  1.47261
1  7.19262  1.13884  -2.10337
1  1.87496  0.69321  -2.16094
49  1.79279  0.467209  2.95032
27  9.52948  1.32902  0.303503
-27  6.72607  0.688695  0.851121
-49  1.34518  0.275211  -2.9824
49  2.58807  0.969118  -1.5648
-27  5.44815  0.743926  2.18361
1  3.63469  0.343886  3.08621
101  0.346561  0.287983  -2.17536
101  1.22309  1.16702  0.21333
101  0.667833  0.20405  0.945938
101  0.495912  0.459325  -1.59778
101  0.634985  0.11955  -2.79831
101  0.878991  0.34882  0.730992
101  0.733342  0.146557  -2.16243
101  0.315564  0.267486  -0.815881
101  0.908477  0.366126  3.04724
101  0.336168  0.287884  -2.99377
101  0.233231  0.113208  0.996799
101  0.513798  0.285537  2.2765
101  0.69904  0.444637  0.884265
101  1.28182  0.218963  0.495806
101  4.13175  0.852169  0.402806
101  0.816168  0.148405  2.19694
101  1.23403  0.198689  0.754019
106  0.635924  0.368808  -0.19015
106  4.14625  0.867401  -0.254116
102  0.7925  0.542637  -1.6299
101  2.36295  0.99564  -2.02681
101  0.370745  0.1347  2.72934
101  2.02586  0.970196  1.64362
101  0.72525  0.583805  0.618875
106  2.22674  0.405391  0.295379
101  1.03608  0.96135  1.6092
101  0.36365  0.124844  0.904138
101  0.355012  0.291768  0.73627
101  0.631989  0.411036  2.30534
101  0.268231  0.204011  3.13983
101  0.932802  0.277381  0.251394
101  0.215776  0.0855742  0.643189
101  1.81662  0.540138  -2.41527
102  1.21639  0.863615  2.16553
101  2.95887  0.959887  0.712257
101  2.90976  0.348282  1.39345
101  1.15824  0.514698  3.0047
101  1.49626  0.354046  1.47426
101  1.51589  0.506926  -0.936577
101  0.318394  0.125526  -0.954662
101  0.225191  0.173444  -1.54885
101  0.501357  0.0620951  -0.596033
101  1.38731  0.170337  1.63122
101  0.281063  0.0995575  0.374513
1  3.84748  1.67224  -0.557578
1  1.78279  1.33337  0.673748
-1  2.87451  0.117223  2.8652
-27  3.32656  0.693131  0.119087
40  4.22006  1.14458  -2.429
-40  4.05631  0.351466  2.03737
1  3.13563  2.13424  3.05191
101  0.962915  0.239759  0.46134
101  1.04229  0.104955  -2.42743
101  0.706317  0.688113  -1.33967
101  1.33851  0.274314  2.83339
101  1.49909  0.707079  2.82683
101  0.314035  0.216183  -2.28645
101  0.484531  0.342222  1.25107
101  2.12584  0.337406  -1.58939
101  0.433664  0.166006  -1.72457
101  0.77239  0.455981  0.896959
101  0.213365  0.0550828  -1.56819
101  0.249628  0.0902462  2.19313
101  0.816872  0.602272  2.30534
101  0.383704  0.353096  0.917614
101  0.312282  0.234783  -0.672884
101  0.441663  0.377824  2.09144
101  2.98943  1.00271  -1.8949
101  1.22722  1.20514  -2.79279
106  1.28754  0.431941  -0.524525
106  0.656778  0.327201  -0.164991
106  1.70706  0.708423  -0.0166734
102  0.865731  0.0968709  2.87082
101  1.08092  0.129196  -1.47977
101  0.714471  0.649236  -1.16775
101  2.97481  0.799777  -0.518921
101  3.04018  0.334143  1.83424
106  0.54893  0.134975  1.16389
101  0.708888  0.681005  -2.30068
101  0.726191  0.556094  -0.312675
101  1.12785  0.358727  -1.20658
101  0.415535  0.050816  1.24448
101  0.722473  0.295559  -0.327193
101  1.22083  0.633781  3.11712
101  1.81039  0.497229  2.3187
101  0.548983  0.0441561  2.93062
1  1.3666  0.676785  3.04391
-1  1.67081  0.754826  -0.411723
40  5.10658  1.40134  2.82787
-40  7.62708  1.78528  -2.00181
1  3.95916  1.34397  -1.07665
-1  2.35236  1.18127  -1.13028
1  2.85224  0.622854  1.12045
-1  2.43127  0.824017  -0.0357762
-1  1.0093  0.359026  3.13626
101  0.296813  0.252453  2.26025
101  0.641212  0.119218  3.01363
101  2.11758  0.246862  -1.97488
101  1.36317  0.195939  0.734881
101  4.48352  0.917978  -0.875759
101  1.26641  0.296426  -1.47722
101  1.11922  0.329089  0.699735
101  0.703322  0.631216  2.4544
101  4.90077  0.829092  -3.04101
101  0.68053  0.1261  0.172913
101  2.53505  0.539666  2.38449
101  1.04757  0.252951  -0.701767
101  3.00062  0.696446  -2.29201
101  1.29072  0.162669  1.41936
101  0.322035  0.282647  1.24243
101  0.147781  0.02496  -1.52859
106  3.69317  0.610645  1.49531
106  5.4095  0.992921  -2.45426
106  0.704411  0.317632  1.17828
102  2.34672  0.26961  -0.910546
101  0.578221  0.444558  0.610736
101  3.23884  0.585794  2.25193
101  2.85208  0.459932  -2.04087
100  0.360938  0.360179  -1.48842
106  1.56917  0.584688  -1.01786
101  0.179368  0.103959  1.85788
101  0.930938  0.765679  1.63974
101  0.150591  0.0384871  1.47017
101  0.61422  0.598487  2.86926
101  1.3305  0.795022  -1.58006
101  0.463912  0.163759  -2.44574
101  0.241083  0.180972  0.169759
101  1.69964  0.815879  1.62189
101  0.318976  0.274345  -1.42469
101  0.463267  0.32599  2.65772
101  2.94295  0.730524  -0.914568
101  1.01889  0.212703  -0.702117
101  2.67837  0.614084  3.00394
101  0.186697  0.0779854  2.23543
1  5.19964  0.830082  0.572917
1  1.82289  1.13795  2.24219
27  1.57673  0.675673  -1.15357
-1  1.72692  0.431723  -0.627352
-1  2.52204  0.67269  -1.31874
-1  4.04081  0.431371  2.17502
-1  1.40782  0.935708  0.21513
40  2.0359  1.64847  -1.02429
101  0.426377  0.395706  -2.68307
101  1.52878  0.243951  1.70248
101  1.36021  0.204072  -1.76799
101  0.542647  0.515574  2.93699
101  0.397479  0.266142  0.074551
101  0.875918  0.264039  1.13552
101  3.94971  1.25809  0.527065
101  1.05048  1.0358  -2.01429
101  0.813711  0.197052  -1.24398
101  1.22175  0.578806  2.09638
101  1.97532  0.749266  2.67105
101  0.844201  0.277619  -0.267691
101  0.579592  0.562532  -2.41896
101  2.79172  0.633802  -2.76825
101  1.39692  0.77167  1.99402
101  1.67147  0.625883  -2.63409
101  0.9767  0.213696  -1.04484
106  1.99616  1.70499  -2.85107
106  2.52477  0.377052  2.28595
106  1.00597  0.419516  -2.28927
102  3.69565  0.508142  1.04179
101  1.23509  0.0882409  1.34554
101  0.715051  0.700319  1.62217
101  3.60088  0.667778  1.16809
101  2.10056  0.467036  0.6024
106  2.77992  0.64496  -2.34951
106  0.539824  0.108968  -2.14333
106  1.8072  0.743956  -0.514028
101  0.197336  0.0824433  -0.481872
101  1.63309  0.623281  2.20736
101  2.60446  0.808518  -1.2101
101  0.455687  0.427348  1.93694
101  0.278456  0.175347  0.3805
101  0.41014  0.261969  0.179544
101  0.903494  0.842869  3.13213
101  0.260455  0.198566  -1.53671
101  0.659596  0.175847  -2.59563
101  0.355672  0.246158  2.52839
101  0.383769  0.090868  -0.824836
101  1.56118  0.129845  1.68617
101  0.686758  0.409235  -0.740619
101  2.27819  0.154696  -2.11353
102  4.09094  0.546027  0.436872
101  0.193856  0.0541118  -0.0499963
101  3.92046  0.994789  -2.24801
101  2.12936  0.195232  -2.72173
101  2.85765  0.199719  -2.92195
101  0.303622  0.0965762  2.19288
101  1.15208  0.226781  1.21803
101  3.09854  0.282411  -0.275834
1  3.3309  0.568945  -1.05185
-1  1.49388  0.997955  -2.42764
-1  1.23461  0.551715  1.77957
101  2.0037  0.919448  -1.22053
101  0.889156  0.539861  -1.18032
101  0.227224  0.123073  2.33089
101  0.441472  0.223683  -1.83514
101  1.80526  0.400304  2.28129
101  0.397592  0.254118  -2.74296
101  1.33182  0.482479  1.13173
101  0.992584  0.135357  1.61908
101  0.606185  0.260274  -0.6718
101  2.4093  0.393479  -2.20996
101  1.14181  1.02912  0.174125
101  1.20515  0.331143  1.60345
101  0.435627  0.126538  -1.60673
101  0.157198  0.0439735  1.27867
101  0.679113  0.0359684  2.47662
101  0.467486  0.165294  3.13614
101  1.2227  0.566929  -0.336344
106  2.11406  0.457334  3.02291
106  0.752896  0.427849  -2.10387
106  1.07288  0.47403  1.1237
102  4.13093  0.410016  -2.92139
101  1.64673  0.664685  0.308504
101  0.684658  0.38864  -2.33997
101  0.651265  0.270336  3.02298
101  0.68764  0.305887  -1.44268
101  0.23378  0.0518566  -1.08464
106  0.819538  0.498115  -0.197473
106  0.9036  0.442948  0.828202
101  0.165017  0.0831992  -0.761878
101  0.551234  0.532044  2.98177
101  0.453012  0.241834  -2.34275
101  0.191563  0.0603573  -1.87964
101  0.980933  0.238323  -1.78478
101  0.759333  0.746598  0.0427662
101  0.59354  0.575606  2.2297
101  0.758983  0.582925  0.0825927
101  0.446533  0.159054  2.42339
106  0.965309  0.560991  1.47182
101  0.168334  0.0953974  -0.907161
106  0.997355  0.438495  1.55391
101  0.612497  0.25654  -0.180678
101  0.416759  0.356221  -0.461527
101  0.685665  0.270658  0.929071
101  2.28874  0.474052  0.27743
101  1.30911  0.120502  -0.416131
101  0.300326  0.213882  -0.0440623
101  1.85805  0.962983  0.230549
101  0.840612  0.669457  1.08418
